
          k = 0.0000 0.0000 0.0000 (135515 PWs)   bands (ev):

   -12.6131 -11.7945 -11.7945 -11.7945 -11.7945 -11.7945 -11.7945 -11.7945
   -11.7945 -11.5037 -11.5037 -11.5037 -11.5037 -11.5037 -11.5037 -10.5183
   -10.5183 -10.5183 -10.5183 -10.5183 -10.5183 -10.5183 -10.5183 -10.5183
   -10.5183 -10.5183 -10.5183 -10.2354 -10.2354 -10.2354 -10.2354  -9.8247
    -9.8247  -9.8247  -9.8247  -9.8247  -9.8247  -9.8247  -9.8247  -9.8247
    -9.8247  -9.8247  -9.8247  -9.8247  -9.8247  -9.8247  -9.8247  -9.8247
    -9.8247  -9.8247  -9.8247  -9.8247  -9.8247  -9.8247  -9.8247  -8.3325
    -8.3325  -8.3325  -8.3325  -8.3325  -8.3325  -8.1735  -8.1735  -8.1735
    -8.1735  -8.1735  -8.1735  -8.1735  -8.1735  -8.1735  -8.1735  -8.1735
    -8.1735  -7.3658  -7.3658  -7.3658  -7.3658  -6.8047  -6.8047  -6.8047
    -6.8047  -6.8047  -6.8047  -6.8047  -6.8047  -6.8047  -6.8047  -6.8047
    -6.8047  -6.8047  -6.8047  -6.8047  -6.8047  -6.8047  -6.8047  -6.8047
    -6.8047  -6.8047  -6.8047  -6.8047  -6.8047  -5.8569  -5.8569  -5.8569
    -5.8569  -5.8569  -5.8569  -5.8569  -5.8569  -5.8569  -5.8569  -5.8569
    -5.8569  -4.1662  -4.1662  -4.1662  -4.1662  -4.1662  -4.1662  -4.1662
    -4.1662  -4.0223  -4.0223  -4.0223  -4.0223  -4.0223  -4.0223  -4.0223
    -4.0223  -4.0223  -4.0223  -4.0223  -4.0223  -3.9172  -3.9172  -3.9172
    -3.9172  -3.9172  -3.9172  -3.9172  -3.9172  -3.9172  -3.9172  -3.9172
    -3.9172  -3.7776  -3.7776  -3.7776  -3.7776  -3.7776  -3.7776  -3.7002
    -3.7002  -3.7002  -3.7002  -3.7002  -3.7002  -3.7002  -3.7002  -3.7002
    -3.7002  -3.7002  -3.7002  -3.7002  -3.7002  -3.7002  -3.7002  -3.7002
    -3.7002  -3.7002  -3.7002  -3.7002  -3.7002  -3.7002  -3.7002  -3.0055
    -3.0055  -3.0055  -3.0055  -3.0055  -3.0055  -2.3121  -2.3121  -2.3121
    -2.3121  -2.3121  -2.3121  -2.3121  -2.3121  -2.3121  -2.3121  -2.3121
    -2.3121  -2.3121  -2.3121  -2.3121  -2.3121  -2.3121  -2.3121  -2.3121
    -2.3121  -2.3121  -2.3121  -2.3121  -2.3121  -1.9635  -1.9635  -1.9635
    -1.9635  -1.9635  -1.9635  -1.9635  -1.9635  -1.9635  -1.9635  -1.9635
    -1.9635  -1.3803  -1.3803  -1.3803  -1.3803  -1.3803  -1.3803  -1.3803
    -1.3803  -1.3803  -1.3803  -1.3803  -1.3803  -1.2527  -1.2527  -1.2527
    -1.2527  -1.2527  -1.2527  -1.2527  -1.2527  -0.7746  -0.7746  -0.7746
    -0.7746  -0.7746  -0.7746  -0.7746  -0.7746  -0.7746  -0.7746  -0.7746
    -0.7746  -0.7746  -0.7746  -0.7746  -0.7746  -0.0000  -0.0000   0.0000
     0.9487   0.9487   0.9487   0.9487   0.9487   0.9487   1.4981   1.4981
     1.4981   1.4981   1.4981   1.4981   1.8404   1.8404   1.8404   1.8404
     1.8404   1.8404   1.8404   1.8404   1.8404   1.8404   1.8404   1.8404
     1.8404   1.8404   1.8404   1.8404   1.8404   1.8404   1.8404   1.8404
     1.8404   1.8404   1.8404   1.8404   1.8760   1.8760   1.8760   1.8760
     2.4636   2.4636   2.4636   2.4636   2.4636   2.4636   2.4636   2.4636
     2.9107   2.9107   2.9107   2.9107   2.9107   2.9107   2.9107   2.9107
     2.9107   2.9107   2.9107   2.9107   3.4244   3.4244   3.4244   3.4868
     3.4868   3.4868   3.4868   3.4868   3.4868   3.8894   3.9824   3.9824
     3.9824   3.9824   3.9824   3.9824   3.9824   3.9824   4.3507   4.3507
     4.3507   4.3507   4.3507   4.3507   4.3507   4.3507   4.3507   4.3507
     4.3507   4.3507   4.3507   4.3507   4.3507   4.3507   4.6620   4.6620
     4.6620   4.6620   4.6620   4.6620   4.6620   4.6620   4.6620   4.6620
     4.6620   4.6620   4.8971   4.8971   4.8971   4.8971   4.8971   4.8971
     4.8971   4.8971   4.8971   4.8971   4.8971   4.8971   4.8971   4.8971
     4.8971   4.8971   4.8971   4.8971   4.8971   4.8971   4.8971   4.8971
     4.8971   4.8971   5.6251   5.6251   5.6251   5.6251   5.6251   5.6251
     5.6251   5.6251   5.6251   5.6251   5.6251   5.6251   5.8427   5.8427
     5.8427   5.8427   5.8427   5.8427   5.8427   5.8427   5.8427   5.8427
     5.8427   5.8427   5.9147   5.9147   5.9147   5.9147   5.9147   5.9147
     5.9147   5.9147   5.9147   5.9147   5.9147   5.9147   6.7448   6.7448
     6.7448   6.7448   6.7448   6.7448   6.7448   6.7448   6.7448   6.7448
     6.7448   6.7448   6.7448   6.7448   6.7448   6.7448   6.7448   6.7448
     6.7448   6.7448   6.7448   6.7448   6.7448   6.7448   6.7449   6.7449
     6.7449   6.7449   6.7449   6.7449   6.7449   6.7449   6.7449   6.7449
     6.7449   6.7449   6.8315   6.8315   6.8315   6.8315   6.8315   6.8315
     6.8315   6.8315   6.8315   6.8315   6.8315   6.8315   6.8315   6.8315
     6.8315   6.8315   6.8315   6.8315   6.8315   6.8315   6.8315   6.8315
     6.8315   6.8315   7.0315   7.0315   7.0315   7.0315   7.0315   7.0315
     7.0315   7.0315   7.0315   7.0315   7.0315   7.0315   7.0996   7.0996
     7.0996   7.0996   7.0996   7.0996   7.0996   7.0996   7.0996   7.0996
     7.0996   7.0996   7.5461   7.6428   7.6428   7.6428   7.6428   7.6428
