
          k = 0.0000 0.5000 0.0000 (135811 PWs)   bands (ev):

   -12.5432 -11.9933 -11.9933 -11.9933 -11.9933 -11.9864 -11.4673 -11.4673
   -11.4673 -11.4673 -11.4400 -11.4400 -11.4400 -11.4400 -10.9401 -10.9401
   -10.9401 -10.9401 -10.8898 -10.4828 -10.4828 -10.4828 -10.4828 -10.4626
   -10.4626 -10.4626 -10.4626 -10.2842 -10.2842 -10.2842 -10.2842 -10.0012
   -10.0012 -10.0012 -10.0012  -9.9141  -9.9141  -9.9141  -9.9141  -9.9141
    -9.9141  -9.9141  -9.9141  -9.7228  -9.7228  -9.7228  -9.7228  -9.7228
    -9.7228  -9.7228  -9.7228  -9.2945  -9.1701  -9.1701  -9.1701  -9.1701
    -8.7914  -8.7914  -8.7914  -8.7914  -8.3109  -8.3109  -8.3109  -8.3109
    -8.1987  -8.1987  -8.1987  -8.1987  -7.5852  -7.5852  -7.5852  -7.5852
    -7.3632  -7.3632  -7.3632  -7.3632  -7.2795  -7.2010  -7.2010  -7.2010
    -7.2010  -7.0894  -7.0894  -7.0894  -7.0894  -7.0894  -7.0894  -7.0894
    -7.0894  -6.5125  -6.5125  -6.5125  -6.5125  -6.5125  -6.5125  -6.5125
    -6.5125  -6.4527  -6.4527  -6.4527  -6.4527  -6.2319  -6.2319  -6.2319
    -6.2319  -6.1942  -6.1942  -6.1942  -6.1942  -5.2279  -5.2279  -5.2279
    -5.2279  -4.9789  -4.9308  -4.9308  -4.9308  -4.9308  -4.3445  -4.3445
    -4.3445  -4.3445  -4.2836  -4.2836  -4.2836  -4.2836  -4.2613  -4.2613
    -4.2613  -4.2613  -4.0334  -4.0334  -4.0334  -4.0334  -3.9001  -3.9001
    -3.9001  -3.9001  -3.6589  -3.6589  -3.6589  -3.6589  -3.6589  -3.6589
    -3.6589  -3.6589  -3.6332  -3.6332  -3.6332  -3.6332  -3.6332  -3.6332
    -3.6332  -3.6332  -3.4678  -3.4678  -3.4678  -3.4678  -3.4514  -3.4514
    -3.4514  -3.4514  -3.4195  -3.4195  -3.4195  -3.4195  -3.3669  -3.3669
    -3.3669  -3.3669  -3.1939  -3.1939  -3.1939  -3.1939  -2.9386  -2.9386
    -2.8571  -2.8571  -2.8571  -2.8571  -2.6282  -2.6282  -2.6282  -2.6282
    -2.6282  -2.6282  -2.6282  -2.6282  -2.5782  -2.4892  -2.4892  -2.4892
    -2.4892  -2.4108  -2.4108  -2.2408  -2.2408  -2.2408  -2.2408  -2.2318
    -2.2318  -2.2318  -2.2318  -2.2318  -2.2318  -2.2318  -2.2318  -2.0263
    -2.0263  -2.0263  -2.0263  -1.9191  -1.9191  -1.9191  -1.9191  -1.7908
    -1.7908  -1.7908  -1.7908  -1.6876  -1.6876  -1.6876  -1.6876  -1.4158
    -1.4158  -1.3626  -1.3626  -1.3626  -1.3626  -1.2725  -1.2725  -1.2725
    -1.2725  -1.2710  -1.2710  -1.2710  -1.2710  -1.2126  -1.2126  -1.2126
    -1.2126  -1.2085  -1.2085  -1.2085  -1.2085  -1.0804  -1.0804  -1.0804
    -1.0804  -0.4461  -0.4298  -0.4298  -0.4298  -0.4298  -0.2547  -0.2547
     0.8229   1.1122   1.2713   1.3282   1.3282   1.3282   1.3282   1.5758
     1.5758   1.5758   1.5758   1.9154   1.9154   1.9154   1.9154   1.9154
     1.9154   1.9154   1.9154   1.9220   1.9220   1.9220   1.9220   2.0147
     2.2481   2.2481   2.2481   2.2481   2.2575   2.2575   2.2575   2.2575
     2.4399   2.4399   2.4399   2.4399   2.4399   2.4399   2.4399   2.4399
     2.5451   2.6183   2.6183   2.6183   2.6183   2.8364   2.8364   2.8364
     2.8364   2.9255   2.9255   2.9255   2.9255   3.0035   3.0035   3.0035
     3.0035   3.1694   3.5767   3.5767   3.5767   3.5767   3.6310   3.6310
     3.6310   3.6310   3.7229   3.7229   3.7229   3.7229   3.7229   3.7229
     3.7229   3.7229   3.7339   3.7339   3.7339   3.7339   3.7855   3.7855
     3.9418   3.9418   3.9418   3.9418   3.9962   3.9962   3.9962   3.9962
     4.0455   4.0455   4.0455   4.0455   4.1232   4.1232   4.1232   4.1232
     4.1391   4.1391   4.1391   4.1391   4.2612   4.2612   4.2612   4.2612
     4.3397   4.4050   4.4050   4.4050   4.4050   4.5359   4.6758   4.6758
     4.6758   4.6758   4.7353   4.7353   4.7353   4.7353   4.9392   4.9392
     4.9392   4.9392   4.9437   4.9437   4.9437   4.9437   4.9437   4.9437
     4.9437   4.9437   4.9505   4.9505   4.9505   4.9505   5.0496   5.0496
     5.0496   5.0496   5.2872   5.2872   5.2872   5.2872   5.4053   5.4053
     5.4053   5.4053   5.5301   5.5301   5.5301   5.5301   5.6315   5.6315
     5.6315   5.6315   5.7788   5.7788   5.7788   5.7788   5.7796   5.7796
     5.9768   5.9768   5.9768   5.9768   6.1477   6.1477   6.1477   6.1477
     6.1837   6.1837   6.1837   6.1837   6.2876   6.2876   6.2876   6.2876
     6.3934   6.3934   6.3934   6.3934   6.3934   6.3934   6.3934   6.3934
     6.6818   6.6818   6.6818   6.6818   6.6818   6.6818   6.6818   6.6818
     6.7391   6.7391   6.7391   6.7391   6.7487   6.7487   6.7487   6.7487
     6.8478   6.8478   6.8478   6.8478   6.8851   6.8851   6.8851   6.8851
     6.9074   6.9074   6.9074   6.9074   7.0507   7.0507   7.0507   7.0507
     7.0507   7.0507   7.0507   7.0507   7.1084   7.1084   7.1084   7.1084
     7.3574   7.3574   7.3574   7.3574   7.4305   7.5000   7.5739   7.5739
     7.5739   7.5739   7.6538   7.6538   7.6538   7.6538   7.8398   7.8398
     7.8398   7.8398   7.9083   7.9083   7.9083   7.9083   7.9640   8.0105
     8.0105   8.0105   8.0105   8.0419   8.3398   8.3413   8.3447   8.3550
