[masia000@login02 jobs]$ ls
annnns  ans  qe_t8_37398906.err  qe_t8_37398906.out
[masia000@login02 jobs]$ cat *.out
Loading intel-oneapi-mkl/2024.0.0--intel-oneapi-mpi--2021.12.1
  Loading requirement: intel-oneapi-tbb/2021.12.0
Loading cmake/3.27.9
  Loading requirement: nghttp2/1.57.0-634bffh zlib-ng/2.1.6-jkgunjc curl/8.7.1
    gmake/4.4.1-phqmvks ncurses/6.5-svfl57u
========================================
PW PARALLELISM SCALING
========================================
--- np=1, nd=1 (cegterg) ---
 parallel MPI defs : np=           1 nb=           1   nd=           1
 nks >
          54          54          54      157464
 ngm =       52873
 npwx =        6615

          k = 0.0000 0.0000 0.0000 (  6615 PWs)   bands (ev):

   -12.6369 -11.8184 -11.8184 -11.8184 -11.8184 -11.8184 -11.8184 -11.8184
   -11.8184 -11.5274 -11.5274 -11.5274 -11.5274 -11.5274 -11.5274 -10.5422
   -10.5422 -10.5422 -10.5422 -10.5422 -10.5422 -10.5422 -10.5422 -10.5422
   -10.5422 -10.5422 -10.5422 -10.2593 -10.2593 -10.2593 -10.2593  -9.8478
    -9.8478  -9.8478  -9.8478  -9.8478  -9.8478  -9.8478  -9.8478  -9.8478
    -9.8478  -9.8478  -9.8478  -9.8478  -9.8478  -9.8478  -9.8478  -9.8478
    -9.8478  -9.8478  -9.8478  -9.8478  -9.8478  -9.8478  -9.8478  -8.3557
    -8.3557  -8.3557  -8.3557  -8.3557  -8.3557  -8.1969  -8.1969  -8.1969
    -8.1969  -8.1969  -8.1969  -8.1969  -8.1969  -8.1969  -8.1969  -8.1969
    -8.1969  -7.3882  -7.3882  -7.3882  -7.3882  -6.8262  -6.8262  -6.8262
    -6.8262  -6.8262  -6.8262  -6.8262  -6.8262  -6.8262  -6.8262  -6.8262
    -6.8262  -6.8262  -6.8262  -6.8262  -6.8262  -6.8262  -6.8262  -6.8262
    -6.8262  -6.8262  -6.8262  -6.8262  -6.8262  -5.8726  -5.8726  -5.8726
    -5.8726  -5.8726  -5.8726  -5.8726  -5.8726  -5.8726  -5.8726  -5.8726
    -5.8726  -4.1811  -4.1811  -4.1811  -4.1811  -4.1811  -4.1811  -4.1811
    -4.1811  -4.0409  -4.0409  -4.0409  -4.0409  -4.0409  -4.0409  -4.0409
    -4.0409  -4.0409  -4.0409  -4.0409  -4.0409  -3.9306  -3.9306  -3.9306
    -3.9306  -3.9306  -3.9306  -3.9306  -3.9306  -3.9306  -3.9306  -3.9306
    -3.9306  -3.7798  -3.7798  -3.7798  -3.7798  -3.7798  -3.7798  -3.7165
    -3.7165  -3.7165  -3.7165  -3.7165  -3.7165  -3.7165  -3.7165  -3.7165
    -3.7165  -3.7165  -3.7165  -3.7165  -3.7165  -3.7165  -3.7165  -3.7165
    -3.7165  -3.7165  -3.7165  -3.7165  -3.7165  -3.7165  -3.7165  -3.0211
    -3.0211  -3.0211  -3.0211  -3.0211  -3.0211  -2.3140  -2.3140  -2.3140
    -2.3140  -2.3140  -2.3140  -2.3140  -2.3140  -2.3140  -2.3140  -2.3140
    -2.3140  -2.3140  -2.3140  -2.3140  -2.3140  -2.3140  -2.3140  -2.3140
    -2.3140  -2.3140  -2.3140  -2.3140  -2.3140  -1.9654  -1.9654  -1.9654
    -1.9654  -1.9654  -1.9654  -1.9654  -1.9654  -1.9654  -1.9654  -1.9654
    -1.9654  -1.3657  -1.3657  -1.3657  -1.3657  -1.3657  -1.3657  -1.3657
    -1.3657  -1.3657  -1.3657  -1.3657  -1.3657  -1.2491  -1.2491  -1.2491
    -1.2491  -1.2491  -1.2491  -1.2491  -1.2491  -0.7705  -0.7705  -0.7705
    -0.7705  -0.7705  -0.7705  -0.7705  -0.7705  -0.7705  -0.7705  -0.7705
    -0.7705  -0.7705  -0.7705  -0.7705  -0.7705  -0.0000  -0.0000   0.0000
     0.9305   0.9305   0.9305   0.9305   0.9305   0.9305   1.4907   1.4907
     1.4907   1.4907   1.4907   1.4907   1.8338   1.8338   1.8338   1.8338
     1.8338   1.8338   1.8338   1.8338   1.8338   1.8338   1.8338   1.8338
     1.8338   1.8338   1.8338   1.8338   1.8338   1.8338   1.8338   1.8338
     1.8338   1.8338   1.8338   1.8338   1.8752   1.8752   1.8752   1.8752
     2.4608   2.4608   2.4608   2.4608   2.4608   2.4608   2.4608   2.4608
     2.9155   2.9155   2.9155   2.9155   2.9155   2.9155   2.9155   2.9155
     2.9155   2.9155   2.9155   2.9155   3.4229   3.4229   3.4229   3.4897
     3.4897   3.4897   3.4897   3.4897   3.4897   3.8840   3.9800   3.9800
     3.9800   3.9800   3.9800   3.9800   3.9800   3.9800   4.3560   4.3560
     4.3560   4.3560   4.3560   4.3560   4.3560   4.3560   4.3560   4.3560
     4.3560   4.3560   4.3560   4.3560   4.3560   4.3560   4.6726   4.6726
     4.6726   4.6726   4.6726   4.6726   4.6726   4.6726   4.6726   4.6726
     4.6726   4.6726   4.9075   4.9075   4.9075   4.9075   4.9075   4.9075
     4.9075   4.9075   4.9075   4.9075   4.9075   4.9075   4.9075   4.9075
     4.9075   4.9075   4.9075   4.9075   4.9075   4.9075   4.9075   4.9075
     4.9075   4.9075   5.6625   5.6625   5.6625   5.6625   5.6625   5.6625
     5.6625   5.6625   5.6625   5.6625   5.6625   5.6625   5.8483   5.8483
     5.8483   5.8483   5.8483   5.8483   5.8483   5.8483   5.8483   5.8483
     5.8483   5.8483   5.9297   5.9297   5.9297   5.9297   5.9297   5.9297
     5.9297   5.9297   5.9297   5.9297   5.9297   5.9297   6.7719   6.7719
     6.7719   6.7719   6.7719   6.7719   6.7719   6.7719   6.7719   6.7719
     6.7719   6.7719   6.7792   6.7792   6.7792   6.7792   6.7792   6.7792
     6.7792   6.7792   6.7792   6.7792   6.7792   6.7792   6.7792   6.7792
     6.7792   6.7792   6.7792   6.7792   6.7792   6.7792   6.7792   6.7792
     6.7792   6.7792   6.8544   6.8544   6.8544   6.8544   6.8544   6.8544
     6.8544   6.8544   6.8544   6.8544   6.8544   6.8544   6.8544   6.8544
     6.8544   6.8544   6.8544   6.8544   6.8544   6.8544   6.8544   6.8544
     6.8544   6.8544   7.0649   7.0649   7.0649   7.0649   7.0649   7.0649
     7.0649   7.0649   7.0649   7.0649   7.0649   7.0649   7.1341   7.1341
     7.1341   7.1341   7.1341   7.1341   7.1341   7.1341   7.1341   7.1341
     7.1341   7.1341   7.5398   7.6590   7.6590   7.6590   7.6590   7.6590
     davidson     :     31.09s CPU     31.36s WALL (       1 calls)
     fftw         :      6.15s CPU      6.23s WALL (    9652 calls)
     ffts         :      0.00s CPU      0.02s WALL

--- np=2, nd=1 (cegterg) ---
 parallel MPI defs : np=           2 nb=           1   nd=           1
 nks >
          54          54          54       78732
 ngm =       26437
 npwx =        3308

          k = 0.0000 0.0000 0.0000 (  3308 PWs)   bands (ev):

   -12.6369 -11.8184 -11.8184 -11.8184 -11.8184 -11.8184 -11.8184 -11.8184
   -11.8184 -11.5274 -11.5274 -11.5274 -11.5274 -11.5274 -11.5274 -10.5422
   -10.5422 -10.5422 -10.5422 -10.5422 -10.5422 -10.5422 -10.5422 -10.5422
   -10.5422 -10.5422 -10.5422 -10.2593 -10.2593 -10.2593 -10.2593  -9.8478
    -9.8478  -9.8478  -9.8478  -9.8478  -9.8478  -9.8478  -9.8478  -9.8478
    -9.8478  -9.8478  -9.8478  -9.8478  -9.8478  -9.8478  -9.8478  -9.8478
    -9.8478  -9.8478  -9.8478  -9.8478  -9.8478  -9.8478  -9.8478  -8.3557
    -8.3557  -8.3557  -8.3557  -8.3557  -8.3557  -8.1969  -8.1969  -8.1969
    -8.1969  -8.1969  -8.1969  -8.1969  -8.1969  -8.1969  -8.1969  -8.1969
    -8.1969  -7.3882  -7.3882  -7.3882  -7.3882  -6.8262  -6.8262  -6.8262
    -6.8262  -6.8262  -6.8262  -6.8262  -6.8262  -6.8262  -6.8262  -6.8262
    -6.8262  -6.8262  -6.8262  -6.8262  -6.8262  -6.8262  -6.8262  -6.8262
    -6.8262  -6.8262  -6.8262  -6.8262  -6.8262  -5.8726  -5.8726  -5.8726
    -5.8726  -5.8726  -5.8726  -5.8726  -5.8726  -5.8726  -5.8726  -5.8726
    -5.8726  -4.1811  -4.1811  -4.1811  -4.1811  -4.1811  -4.1811  -4.1811
    -4.1811  -4.0409  -4.0409  -4.0409  -4.0409  -4.0409  -4.0409  -4.0409
    -4.0409  -4.0409  -4.0409  -4.0409  -4.0409  -3.9306  -3.9306  -3.9306
    -3.9306  -3.9306  -3.9306  -3.9306  -3.9306  -3.9306  -3.9306  -3.9306
    -3.9306  -3.7798  -3.7798  -3.7798  -3.7798  -3.7798  -3.7798  -3.7165
    -3.7165  -3.7165  -3.7165  -3.7165  -3.7165  -3.7165  -3.7165  -3.7165
    -3.7165  -3.7165  -3.7165  -3.7165  -3.7165  -3.7165  -3.7165  -3.7165
    -3.7165  -3.7165  -3.7165  -3.7165  -3.7165  -3.7165  -3.7165  -3.0211
    -3.0211  -3.0211  -3.0211  -3.0211  -3.0211  -2.3140  -2.3140  -2.3140
    -2.3140  -2.3140  -2.3140  -2.3140  -2.3140  -2.3140  -2.3140  -2.3140
    -2.3140  -2.3140  -2.3140  -2.3140  -2.3140  -2.3140  -2.3140  -2.3140
    -2.3140  -2.3140  -2.3140  -2.3140  -2.3140  -1.9654  -1.9654  -1.9654
    -1.9654  -1.9654  -1.9654  -1.9654  -1.9654  -1.9654  -1.9654  -1.9654
    -1.9654  -1.3657  -1.3657  -1.3657  -1.3657  -1.3657  -1.3657  -1.3657
    -1.3657  -1.3657  -1.3657  -1.3657  -1.3657  -1.2491  -1.2491  -1.2491
    -1.2491  -1.2491  -1.2491  -1.2491  -1.2491  -0.7705  -0.7705  -0.7705
    -0.7705  -0.7705  -0.7705  -0.7705  -0.7705  -0.7705  -0.7705  -0.7705
    -0.7705  -0.7705  -0.7705  -0.7705  -0.7705  -0.0000  -0.0000   0.0000
     0.9305   0.9305   0.9305   0.9305   0.9305   0.9305   1.4907   1.4907
     1.4907   1.4907   1.4907   1.4907   1.8338   1.8338   1.8338   1.8338
     1.8338   1.8338   1.8338   1.8338   1.8338   1.8338   1.8338   1.8338
     1.8338   1.8338   1.8338   1.8338   1.8338   1.8338   1.8338   1.8338
     1.8338   1.8338   1.8338   1.8338   1.8752   1.8752   1.8752   1.8752
     2.4608   2.4608   2.4608   2.4608   2.4608   2.4608   2.4608   2.4608
     2.9155   2.9155   2.9155   2.9155   2.9155   2.9155   2.9155   2.9155
     2.9155   2.9155   2.9155   2.9155   3.4229   3.4229   3.4229   3.4897
     3.4897   3.4897   3.4897   3.4897   3.4897   3.8840   3.9800   3.9800
     3.9800   3.9800   3.9800   3.9800   3.9800   3.9800   4.3560   4.3560
     4.3560   4.3560   4.3560   4.3560   4.3560   4.3560   4.3560   4.3560
     4.3560   4.3560   4.3560   4.3560   4.3560   4.3560   4.6726   4.6726
     4.6726   4.6726   4.6726   4.6726   4.6726   4.6726   4.6726   4.6726
     4.6726   4.6726   4.9075   4.9075   4.9075   4.9075   4.9075   4.9075
     4.9075   4.9075   4.9075   4.9075   4.9075   4.9075   4.9075   4.9075
     4.9075   4.9075   4.9075   4.9075   4.9075   4.9075   4.9075   4.9075
     4.9075   4.9075   5.6625   5.6625   5.6625   5.6625   5.6625   5.6625
     5.6625   5.6625   5.6625   5.6625   5.6625   5.6625   5.8483   5.8483
     5.8483   5.8483   5.8483   5.8483   5.8483   5.8483   5.8483   5.8483
     5.8483   5.8483   5.9297   5.9297   5.9297   5.9297   5.9297   5.9297
     5.9297   5.9297   5.9297   5.9297   5.9297   5.9297   6.7719   6.7719
     6.7719   6.7719   6.7719   6.7719   6.7719   6.7719   6.7719   6.7719
     6.7719   6.7719   6.7792   6.7792   6.7792   6.7792   6.7792   6.7792
     6.7792   6.7792   6.7792   6.7792   6.7792   6.7792   6.7792   6.7792
     6.7792   6.7792   6.7792   6.7792   6.7792   6.7792   6.7792   6.7792
     6.7792   6.7792   6.8544   6.8544   6.8544   6.8544   6.8544   6.8544
     6.8544   6.8544   6.8544   6.8544   6.8544   6.8544   6.8544   6.8544
     6.8544   6.8544   6.8544   6.8544   6.8544   6.8544   6.8544   6.8544
     6.8544   6.8544   7.0649   7.0649   7.0649   7.0649   7.0649   7.0649
     7.0649   7.0649   7.0649   7.0649   7.0649   7.0649   7.1341   7.1341
     7.1341   7.1341   7.1341   7.1341   7.1341   7.1341   7.1341   7.1341
     7.1341   7.1341   7.5398   7.6590   7.6590   7.6590   7.6590   7.6590
     davidson     :     20.82s CPU     21.00s WALL (       1 calls)
     fftw         :      3.03s CPU      3.08s WALL (    9666 calls)
     ffts         :      0.01s CPU      0.02s WALL

--- np=4, nd=1 (cegterg) ---
 parallel MPI defs : np=           4 nb=           1   nd=           1
 nks >
          54          54          54       40824
 ngm =       13218
 npwx =        1655

          k = 0.0000 0.0000 0.0000 (  1655 PWs)   bands (ev):

   -12.6369 -11.8184 -11.8184 -11.8184 -11.8184 -11.8184 -11.8184 -11.8184
   -11.8184 -11.5274 -11.5274 -11.5274 -11.5274 -11.5274 -11.5274 -10.5422
   -10.5422 -10.5422 -10.5422 -10.5422 -10.5422 -10.5422 -10.5422 -10.5422
   -10.5422 -10.5422 -10.5422 -10.2593 -10.2593 -10.2593 -10.2593  -9.8478
    -9.8478  -9.8478  -9.8478  -9.8478  -9.8478  -9.8478  -9.8478  -9.8478
    -9.8478  -9.8478  -9.8478  -9.8478  -9.8478  -9.8478  -9.8478  -9.8478
    -9.8478  -9.8478  -9.8478  -9.8478  -9.8478  -9.8478  -9.8478  -8.3557
    -8.3557  -8.3557  -8.3557  -8.3557  -8.3557  -8.1969  -8.1969  -8.1969
    -8.1969  -8.1969  -8.1969  -8.1969  -8.1969  -8.1969  -8.1969  -8.1969
    -8.1969  -7.3882  -7.3882  -7.3882  -7.3882  -6.8262  -6.8262  -6.8262
    -6.8262  -6.8262  -6.8262  -6.8262  -6.8262  -6.8262  -6.8262  -6.8262
    -6.8262  -6.8262  -6.8262  -6.8262  -6.8262  -6.8262  -6.8262  -6.8262
    -6.8262  -6.8262  -6.8262  -6.8262  -6.8262  -5.8726  -5.8726  -5.8726
    -5.8726  -5.8726  -5.8726  -5.8726  -5.8726  -5.8726  -5.8726  -5.8726
    -5.8726  -4.1811  -4.1811  -4.1811  -4.1811  -4.1811  -4.1811  -4.1811
    -4.1811  -4.0409  -4.0409  -4.0409  -4.0409  -4.0409  -4.0409  -4.0409
    -4.0409  -4.0409  -4.0409  -4.0409  -4.0409  -3.9306  -3.9306  -3.9306
    -3.9306  -3.9306  -3.9306  -3.9306  -3.9306  -3.9306  -3.9306  -3.9306
    -3.9306  -3.7798  -3.7798  -3.7798  -3.7798  -3.7798  -3.7798  -3.7165
    -3.7165  -3.7165  -3.7165  -3.7165  -3.7165  -3.7165  -3.7165  -3.7165
    -3.7165  -3.7165  -3.7165  -3.7165  -3.7165  -3.7165  -3.7165  -3.7165
    -3.7165  -3.7165  -3.7165  -3.7165  -3.7165  -3.7165  -3.7165  -3.0211
    -3.0211  -3.0211  -3.0211  -3.0211  -3.0211  -2.3140  -2.3140  -2.3140
    -2.3140  -2.3140  -2.3140  -2.3140  -2.3140  -2.3140  -2.3140  -2.3140
    -2.3140  -2.3140  -2.3140  -2.3140  -2.3140  -2.3140  -2.3140  -2.3140
    -2.3140  -2.3140  -2.3140  -2.3140  -2.3140  -1.9654  -1.9654  -1.9654
    -1.9654  -1.9654  -1.9654  -1.9654  -1.9654  -1.9654  -1.9654  -1.9654
    -1.9654  -1.3657  -1.3657  -1.3657  -1.3657  -1.3657  -1.3657  -1.3657
    -1.3657  -1.3657  -1.3657  -1.3657  -1.3657  -1.2491  -1.2491  -1.2491
    -1.2491  -1.2491  -1.2491  -1.2491  -1.2491  -0.7705  -0.7705  -0.7705
    -0.7705  -0.7705  -0.7705  -0.7705  -0.7705  -0.7705  -0.7705  -0.7705
    -0.7705  -0.7705  -0.7705  -0.7705  -0.7705  -0.0000  -0.0000   0.0000
     0.9305   0.9305   0.9305   0.9305   0.9305   0.9305   1.4907   1.4907
     1.4907   1.4907   1.4907   1.4907   1.8338   1.8338   1.8338   1.8338
     1.8338   1.8338   1.8338   1.8338   1.8338   1.8338   1.8338   1.8338
     1.8338   1.8338   1.8338   1.8338   1.8338   1.8338   1.8338   1.8338
     1.8338   1.8338   1.8338   1.8338   1.8752   1.8752   1.8752   1.8752
     2.4608   2.4608   2.4608   2.4608   2.4608   2.4608   2.4608   2.4608
     2.9155   2.9155   2.9155   2.9155   2.9155   2.9155   2.9155   2.9155
     2.9155   2.9155   2.9155   2.9155   3.4229   3.4229   3.4229   3.4897
     3.4897   3.4897   3.4897   3.4897   3.4897   3.8840   3.9800   3.9800
     3.9800   3.9800   3.9800   3.9800   3.9800   3.9800   4.3560   4.3560
     4.3560   4.3560   4.3560   4.3560   4.3560   4.3560   4.3560   4.3560
     4.3560   4.3560   4.3560   4.3560   4.3560   4.3560   4.6726   4.6726
     4.6726   4.6726   4.6726   4.6726   4.6726   4.6726   4.6726   4.6726
     4.6726   4.6726   4.9075   4.9075   4.9075   4.9075   4.9075   4.9075
     4.9075   4.9075   4.9075   4.9075   4.9075   4.9075   4.9075   4.9075
     4.9075   4.9075   4.9075   4.9075   4.9075   4.9075   4.9075   4.9075
     4.9075   4.9075   5.6625   5.6625   5.6625   5.6625   5.6625   5.6625
     5.6625   5.6625   5.6625   5.6625   5.6625   5.6625   5.8483   5.8483
     5.8483   5.8483   5.8483   5.8483   5.8483   5.8483   5.8483   5.8483
     5.8483   5.8483   5.9297   5.9297   5.9297   5.9297   5.9297   5.9297
     5.9297   5.9297   5.9297   5.9297   5.9297   5.9297   6.7719   6.7719
     6.7719   6.7719   6.7719   6.7719   6.7719   6.7719   6.7719   6.7719
     6.7719   6.7719   6.7792   6.7792   6.7792   6.7792   6.7792   6.7792
     6.7792   6.7792   6.7792   6.7792   6.7792   6.7792   6.7792   6.7792
     6.7792   6.7792   6.7792   6.7792   6.7792   6.7792   6.7792   6.7792
     6.7792   6.7793   6.8544   6.8544   6.8544   6.8544   6.8544   6.8544
     6.8544   6.8544   6.8544   6.8544   6.8544   6.8544   6.8544   6.8544
     6.8544   6.8544   6.8544   6.8544   6.8544   6.8544   6.8544   6.8544
     6.8544   6.8544   7.0649   7.0649   7.0649   7.0649   7.0649   7.0649
     7.0649   7.0649   7.0649   7.0649   7.0649   7.0649   7.1341   7.1341
     7.1341   7.1341   7.1341   7.1341   7.1341   7.1341   7.1341   7.1341
     7.1341   7.1341   7.5398   7.6590   7.6590   7.6590   7.6590   7.6590
     davidson     :     14.27s CPU     14.37s WALL (       1 calls)
     fftw         :      1.41s CPU      1.44s WALL (    9538 calls)
     ffts         :      0.03s CPU      0.05s WALL

--- np=8, nd=1 (cegterg) ---
 parallel MPI defs : np=           8 nb=           1   nd=           1
 nks >
          54          54          54       20412
 ngm =        6610
 npwx =         827

          k = 0.0000 0.0000 0.0000 (   827 PWs)   bands (ev):

   -12.6369 -11.8184 -11.8184 -11.8184 -11.8184 -11.8184 -11.8184 -11.8184
   -11.8184 -11.5274 -11.5274 -11.5274 -11.5274 -11.5274 -11.5274 -10.5422
   -10.5422 -10.5422 -10.5422 -10.5422 -10.5422 -10.5422 -10.5422 -10.5422
   -10.5422 -10.5422 -10.5422 -10.2593 -10.2593 -10.2593 -10.2593  -9.8478
    -9.8478  -9.8478  -9.8478  -9.8478  -9.8478  -9.8478  -9.8478  -9.8478
    -9.8478  -9.8478  -9.8478  -9.8478  -9.8478  -9.8478  -9.8478  -9.8478
    -9.8478  -9.8478  -9.8478  -9.8478  -9.8478  -9.8478  -9.8478  -8.3557
    -8.3557  -8.3557  -8.3557  -8.3557  -8.3557  -8.1969  -8.1969  -8.1969
    -8.1969  -8.1969  -8.1969  -8.1969  -8.1969  -8.1969  -8.1969  -8.1969
    -8.1969  -7.3882  -7.3882  -7.3882  -7.3882  -6.8262  -6.8262  -6.8262
    -6.8262  -6.8262  -6.8262  -6.8262  -6.8262  -6.8262  -6.8262  -6.8262
    -6.8262  -6.8262  -6.8262  -6.8262  -6.8262  -6.8262  -6.8262  -6.8262
    -6.8262  -6.8262  -6.8262  -6.8262  -6.8262  -5.8726  -5.8726  -5.8726
    -5.8726  -5.8726  -5.8726  -5.8726  -5.8726  -5.8726  -5.8726  -5.8726
    -5.8726  -4.1811  -4.1811  -4.1811  -4.1811  -4.1811  -4.1811  -4.1811
    -4.1811  -4.0409  -4.0409  -4.0409  -4.0409  -4.0409  -4.0409  -4.0409
    -4.0409  -4.0409  -4.0409  -4.0409  -4.0409  -3.9306  -3.9306  -3.9306
    -3.9306  -3.9306  -3.9306  -3.9306  -3.9306  -3.9306  -3.9306  -3.9306
    -3.9306  -3.7798  -3.7798  -3.7798  -3.7798  -3.7798  -3.7798  -3.7165
    -3.7165  -3.7165  -3.7165  -3.7165  -3.7165  -3.7165  -3.7165  -3.7165
    -3.7165  -3.7165  -3.7165  -3.7165  -3.7165  -3.7165  -3.7165  -3.7165
    -3.7165  -3.7165  -3.7165  -3.7165  -3.7165  -3.7165  -3.7165  -3.0211
    -3.0211  -3.0211  -3.0211  -3.0211  -3.0211  -2.3140  -2.3140  -2.3140
    -2.3140  -2.3140  -2.3140  -2.3140  -2.3140  -2.3140  -2.3140  -2.3140
    -2.3140  -2.3140  -2.3140  -2.3140  -2.3140  -2.3140  -2.3140  -2.3140
    -2.3140  -2.3140  -2.3140  -2.3140  -2.3140  -1.9654  -1.9654  -1.9654
    -1.9654  -1.9654  -1.9654  -1.9654  -1.9654  -1.9654  -1.9654  -1.9654
    -1.9654  -1.3657  -1.3657  -1.3657  -1.3657  -1.3657  -1.3657  -1.3657
    -1.3657  -1.3657  -1.3657  -1.3657  -1.3657  -1.2491  -1.2491  -1.2491
    -1.2491  -1.2491  -1.2491  -1.2491  -1.2491  -0.7705  -0.7705  -0.7705
    -0.7705  -0.7705  -0.7705  -0.7705  -0.7705  -0.7705  -0.7705  -0.7705
    -0.7705  -0.7705  -0.7705  -0.7705  -0.7705  -0.0000  -0.0000   0.0000
     0.9305   0.9305   0.9305   0.9305   0.9305   0.9305   1.4907   1.4907
     1.4907   1.4907   1.4907   1.4907   1.8338   1.8338   1.8338   1.8338
     1.8338   1.8338   1.8338   1.8338   1.8338   1.8338   1.8338   1.8338
     1.8338   1.8338   1.8338   1.8338   1.8338   1.8338   1.8338   1.8338
     1.8338   1.8338   1.8338   1.8338   1.8752   1.8752   1.8752   1.8752
     2.4608   2.4608   2.4608   2.4608   2.4608   2.4608   2.4608   2.4608
     2.9155   2.9155   2.9155   2.9155   2.9155   2.9155   2.9155   2.9155
     2.9155   2.9155   2.9155   2.9155   3.4229   3.4229   3.4229   3.4897
     3.4897   3.4897   3.4897   3.4897   3.4897   3.8840   3.9800   3.9800
     3.9800   3.9800   3.9800   3.9800   3.9800   3.9800   4.3560   4.3560
     4.3560   4.3560   4.3560   4.3560   4.3560   4.3560   4.3560   4.3560
     4.3560   4.3560   4.3560   4.3560   4.3560   4.3560   4.6726   4.6726
     4.6726   4.6726   4.6726   4.6726   4.6726   4.6726   4.6726   4.6726
     4.6726   4.6726   4.9075   4.9075   4.9075   4.9075   4.9075   4.9075
     4.9075   4.9075   4.9075   4.9075   4.9075   4.9075   4.9075   4.9075
     4.9075   4.9075   4.9075   4.9075   4.9075   4.9075   4.9075   4.9075
     4.9075   4.9075   5.6625   5.6625   5.6625   5.6625   5.6625   5.6625
     5.6625   5.6625   5.6625   5.6625   5.6625   5.6625   5.8483   5.8483
     5.8483   5.8483   5.8483   5.8483   5.8483   5.8483   5.8483   5.8483
     5.8483   5.8483   5.9297   5.9297   5.9297   5.9297   5.9297   5.9297
     5.9297   5.9297   5.9297   5.9297   5.9297   5.9297   6.7719   6.7719
     6.7719   6.7719   6.7719   6.7719   6.7719   6.7719   6.7719   6.7719
     6.7719   6.7719   6.7792   6.7792   6.7792   6.7792   6.7792   6.7792
     6.7792   6.7792   6.7792   6.7792   6.7792   6.7792   6.7792   6.7792
     6.7792   6.7792   6.7792   6.7792   6.7792   6.7792   6.7792   6.7792
     6.7792   6.7792   6.8544   6.8544   6.8544   6.8544   6.8544   6.8544
     6.8544   6.8544   6.8544   6.8544   6.8544   6.8544   6.8544   6.8544
     6.8544   6.8544   6.8544   6.8544   6.8544   6.8544   6.8544   6.8544
     6.8544   6.8544   7.0649   7.0649   7.0649   7.0649   7.0649   7.0649
     7.0649   7.0649   7.0649   7.0649   7.0649   7.0649   7.1341   7.1341
     7.1341   7.1341   7.1341   7.1341   7.1341   7.1341   7.1341   7.1341
     7.1341   7.1341   7.5397   7.6590   7.6590   7.6590   7.6590   7.6590
     davidson     :     14.97s CPU     15.09s WALL (       1 calls)
     fftw         :      0.86s CPU      0.88s WALL (   10212 calls)
     ffts         :      0.00s CPU      0.09s WALL

--- np=16, nd=1 (cegterg) ---
 parallel MPI defs : np=          16 nb=           1   nd=           1
 nks >
          54          54          54       11664
 ngm =        3304
 npwx =         414

          k = 0.0000 0.0000 0.0000 (   414 PWs)   bands (ev):

   -12.6369 -11.8184 -11.8184 -11.8184 -11.8184 -11.8184 -11.8184 -11.8184
   -11.8184 -11.5274 -11.5274 -11.5274 -11.5274 -11.5274 -11.5274 -10.5422
   -10.5422 -10.5422 -10.5422 -10.5422 -10.5422 -10.5422 -10.5422 -10.5422
   -10.5422 -10.5422 -10.5422 -10.2593 -10.2593 -10.2593 -10.2593  -9.8478
    -9.8478  -9.8478  -9.8478  -9.8478  -9.8478  -9.8478  -9.8478  -9.8478
    -9.8478  -9.8478  -9.8478  -9.8478  -9.8478  -9.8478  -9.8478  -9.8478
    -9.8478  -9.8478  -9.8478  -9.8478  -9.8478  -9.8478  -9.8478  -8.3557
    -8.3557  -8.3557  -8.3557  -8.3557  -8.3557  -8.1969  -8.1969  -8.1969
    -8.1969  -8.1969  -8.1969  -8.1969  -8.1969  -8.1969  -8.1969  -8.1969
    -8.1969  -7.3882  -7.3882  -7.3882  -7.3882  -6.8262  -6.8262  -6.8262
    -6.8262  -6.8262  -6.8262  -6.8262  -6.8262  -6.8262  -6.8262  -6.8262
    -6.8262  -6.8262  -6.8262  -6.8262  -6.8262  -6.8262  -6.8262  -6.8262
    -6.8262  -6.8262  -6.8262  -6.8262  -6.8262  -5.8726  -5.8726  -5.8726
    -5.8726  -5.8726  -5.8726  -5.8726  -5.8726  -5.8726  -5.8726  -5.8726
    -5.8726  -4.1811  -4.1811  -4.1811  -4.1811  -4.1811  -4.1811  -4.1811
    -4.1811  -4.0409  -4.0409  -4.0409  -4.0409  -4.0409  -4.0409  -4.0409
    -4.0409  -4.0409  -4.0409  -4.0409  -4.0409  -3.9306  -3.9306  -3.9306
    -3.9306  -3.9306  -3.9306  -3.9306  -3.9306  -3.9306  -3.9306  -3.9306
    -3.9306  -3.7798  -3.7798  -3.7798  -3.7798  -3.7798  -3.7798  -3.7165
    -3.7165  -3.7165  -3.7165  -3.7165  -3.7165  -3.7165  -3.7165  -3.7165
    -3.7165  -3.7165  -3.7165  -3.7165  -3.7165  -3.7165  -3.7165  -3.7165
    -3.7165  -3.7165  -3.7165  -3.7165  -3.7165  -3.7165  -3.7165  -3.0211
    -3.0211  -3.0211  -3.0211  -3.0211  -3.0211  -2.3140  -2.3140  -2.3140
    -2.3140  -2.3140  -2.3140  -2.3140  -2.3140  -2.3140  -2.3140  -2.3140
    -2.3140  -2.3140  -2.3140  -2.3140  -2.3140  -2.3140  -2.3140  -2.3140
    -2.3140  -2.3140  -2.3140  -2.3140  -2.3140  -1.9654  -1.9654  -1.9654
    -1.9654  -1.9654  -1.9654  -1.9654  -1.9654  -1.9654  -1.9654  -1.9654
    -1.9654  -1.3657  -1.3657  -1.3657  -1.3657  -1.3657  -1.3657  -1.3657
    -1.3657  -1.3657  -1.3657  -1.3657  -1.3657  -1.2491  -1.2491  -1.2491
    -1.2491  -1.2491  -1.2491  -1.2491  -1.2491  -0.7705  -0.7705  -0.7705
    -0.7705  -0.7705  -0.7705  -0.7705  -0.7705  -0.7705  -0.7705  -0.7705
    -0.7705  -0.7705  -0.7705  -0.7705  -0.7705  -0.0000  -0.0000   0.0000
     0.9305   0.9305   0.9305   0.9305   0.9305   0.9305   1.4907   1.4907
     1.4907   1.4907   1.4907   1.4907   1.8338   1.8338   1.8338   1.8338
     1.8338   1.8338   1.8338   1.8338   1.8338   1.8338   1.8338   1.8338
     1.8338   1.8338   1.8338   1.8338   1.8338   1.8338   1.8338   1.8338
     1.8338   1.8338   1.8338   1.8338   1.8752   1.8752   1.8752   1.8752
     2.4608   2.4608   2.4608   2.4608   2.4608   2.4608   2.4608   2.4608
     2.9155   2.9155   2.9155   2.9155   2.9155   2.9155   2.9155   2.9155
     2.9155   2.9155   2.9155   2.9155   3.4229   3.4229   3.4229   3.4897
     3.4897   3.4897   3.4897   3.4897   3.4897   3.8840   3.9800   3.9800
     3.9800   3.9800   3.9800   3.9800   3.9800   3.9800   4.3560   4.3560
     4.3560   4.3560   4.3560   4.3560   4.3560   4.3560   4.3560   4.3560
     4.3560   4.3560   4.3560   4.3560   4.3560   4.3560   4.6726   4.6726
     4.6726   4.6726   4.6726   4.6726   4.6726   4.6726   4.6726   4.6726
     4.6726   4.6726   4.9075   4.9075   4.9075   4.9075   4.9075   4.9075
     4.9075   4.9075   4.9075   4.9075   4.9075   4.9075   4.9075   4.9075
     4.9075   4.9075   4.9075   4.9075   4.9075   4.9075   4.9075   4.9075
     4.9075   4.9075   5.6625   5.6625   5.6625   5.6625   5.6625   5.6625
     5.6625   5.6625   5.6625   5.6625   5.6625   5.6625   5.8483   5.8483
     5.8483   5.8483   5.8483   5.8483   5.8483   5.8483   5.8483   5.8483
     5.8483   5.8483   5.9297   5.9297   5.9297   5.9297   5.9297   5.9297
     5.9297   5.9297   5.9297   5.9297   5.9297   5.9297   6.7719   6.7719
     6.7719   6.7719   6.7719   6.7719   6.7719   6.7719   6.7719   6.7719
     6.7719   6.7719   6.7792   6.7792   6.7792   6.7792   6.7792   6.7792
     6.7792   6.7792   6.7792   6.7792   6.7792   6.7792   6.7792   6.7792
     6.7792   6.7792   6.7792   6.7792   6.7792   6.7792   6.7792   6.7792
     6.7792   6.7792   6.8544   6.8544   6.8544   6.8544   6.8544   6.8544
     6.8544   6.8544   6.8544   6.8544   6.8544   6.8544   6.8544   6.8544
     6.8544   6.8544   6.8544   6.8544   6.8544   6.8544   6.8544   6.8544
     6.8544   6.8544   7.0649   7.0649   7.0649   7.0649   7.0649   7.0649
     7.0649   7.0649   7.0649   7.0649   7.0649   7.0649   7.1341   7.1341
     7.1341   7.1341   7.1341   7.1341   7.1341   7.1341   7.1341   7.1341
     7.1341   7.1341   7.5397   7.6590   7.6590   7.6590   7.6590   7.6590
     davidson     :     12.81s CPU     12.92s WALL (       1 calls)
     fftw         :      0.67s CPU      0.69s WALL (   11084 calls)
     ffts         :      0.10s CPU      0.19s WALL

--- np=32, nd=1 (cegterg) ---
 parallel MPI defs : np=          32 nb=           1   nd=           1
 nks >
          54          54          54        5832
 ngm =        1653
 npwx =         207

          k = 0.0000 0.0000 0.0000 (   207 PWs)   bands (ev):

   -12.6369 -11.8184 -11.8184 -11.8184 -11.8184 -11.8184 -11.8184 -11.8184
   -11.8184 -11.5274 -11.5274 -11.5274 -11.5274 -11.5274 -11.5274 -10.5422
   -10.5422 -10.5422 -10.5422 -10.5422 -10.5422 -10.5422 -10.5422 -10.5422
   -10.5422 -10.5422 -10.5422 -10.2593 -10.2593 -10.2593 -10.2593  -9.8478
    -9.8478  -9.8478  -9.8478  -9.8478  -9.8478  -9.8478  -9.8478  -9.8478
    -9.8478  -9.8478  -9.8478  -9.8478  -9.8478  -9.8478  -9.8478  -9.8478
    -9.8478  -9.8478  -9.8478  -9.8478  -9.8478  -9.8478  -9.8478  -8.3557
    -8.3557  -8.3557  -8.3557  -8.3557  -8.3557  -8.1969  -8.1969  -8.1969
    -8.1969  -8.1969  -8.1969  -8.1969  -8.1969  -8.1969  -8.1969  -8.1969
    -8.1969  -7.3882  -7.3882  -7.3882  -7.3882  -6.8262  -6.8262  -6.8262
    -6.8262  -6.8262  -6.8262  -6.8262  -6.8262  -6.8262  -6.8262  -6.8262
    -6.8262  -6.8262  -6.8262  -6.8262  -6.8262  -6.8262  -6.8262  -6.8262
    -6.8262  -6.8262  -6.8262  -6.8262  -6.8262  -5.8726  -5.8726  -5.8726
    -5.8726  -5.8726  -5.8726  -5.8726  -5.8726  -5.8726  -5.8726  -5.8726
    -5.8726  -4.1811  -4.1811  -4.1811  -4.1811  -4.1811  -4.1811  -4.1811
    -4.1811  -4.0409  -4.0409  -4.0409  -4.0409  -4.0409  -4.0409  -4.0409
    -4.0409  -4.0409  -4.0409  -4.0409  -4.0409  -3.9306  -3.9306  -3.9306
    -3.9306  -3.9306  -3.9306  -3.9306  -3.9306  -3.9306  -3.9306  -3.9306
    -3.9306  -3.7798  -3.7798  -3.7798  -3.7798  -3.7798  -3.7798  -3.7165
    -3.7165  -3.7165  -3.7165  -3.7165  -3.7165  -3.7165  -3.7165  -3.7165
    -3.7165  -3.7165  -3.7165  -3.7165  -3.7165  -3.7165  -3.7165  -3.7165
    -3.7165  -3.7165  -3.7165  -3.7165  -3.7165  -3.7165  -3.7165  -3.0211
    -3.0211  -3.0211  -3.0211  -3.0211  -3.0211  -2.3140  -2.3140  -2.3140
    -2.3140  -2.3140  -2.3140  -2.3140  -2.3140  -2.3140  -2.3140  -2.3140
    -2.3140  -2.3140  -2.3140  -2.3140  -2.3140  -2.3140  -2.3140  -2.3140
    -2.3140  -2.3140  -2.3140  -2.3140  -2.3140  -1.9654  -1.9654  -1.9654
    -1.9654  -1.9654  -1.9654  -1.9654  -1.9654  -1.9654  -1.9654  -1.9654
    -1.9654  -1.3657  -1.3657  -1.3657  -1.3657  -1.3657  -1.3657  -1.3657
    -1.3657  -1.3657  -1.3657  -1.3657  -1.3657  -1.2491  -1.2491  -1.2491
    -1.2491  -1.2491  -1.2491  -1.2491  -1.2491  -0.7705  -0.7705  -0.7705
    -0.7705  -0.7705  -0.7705  -0.7705  -0.7705  -0.7705  -0.7705  -0.7705
    -0.7705  -0.7705  -0.7705  -0.7705  -0.7705  -0.0000  -0.0000   0.0000
     0.9305   0.9305   0.9305   0.9305   0.9305   0.9305   1.4907   1.4907
     1.4907   1.4907   1.4907   1.4907   1.8338   1.8338   1.8338   1.8338
     1.8338   1.8338   1.8338   1.8338   1.8338   1.8338   1.8338   1.8338
     1.8338   1.8338   1.8338   1.8338   1.8338   1.8338   1.8338   1.8338
     1.8338   1.8338   1.8338   1.8338   1.8752   1.8752   1.8752   1.8752
     2.4608   2.4608   2.4608   2.4608   2.4608   2.4608   2.4608   2.4608
     2.9155   2.9155   2.9155   2.9155   2.9155   2.9155   2.9155   2.9155
     2.9155   2.9155   2.9155   2.9155   3.4229   3.4229   3.4229   3.4897
     3.4897   3.4897   3.4897   3.4897   3.4897   3.8840   3.9800   3.9800
     3.9800   3.9800   3.9800   3.9800   3.9800   3.9800   4.3560   4.3560
     4.3560   4.3560   4.3560   4.3560   4.3560   4.3560   4.3560   4.3560
     4.3560   4.3560   4.3560   4.3560   4.3560   4.3560   4.6726   4.6726
     4.6726   4.6726   4.6726   4.6726   4.6726   4.6726   4.6726   4.6726
     4.6726   4.6726   4.9075   4.9075   4.9075   4.9075   4.9075   4.9075
     4.9075   4.9075   4.9075   4.9075   4.9075   4.9075   4.9075   4.9075
     4.9075   4.9075   4.9075   4.9075   4.9075   4.9075   4.9075   4.9075
     4.9075   4.9075   5.6625   5.6625   5.6625   5.6625   5.6625   5.6625
     5.6625   5.6625   5.6625   5.6625   5.6625   5.6625   5.8483   5.8483
     5.8483   5.8483   5.8483   5.8483   5.8483   5.8483   5.8483   5.8483
     5.8483   5.8483   5.9297   5.9297   5.9297   5.9297   5.9297   5.9297
     5.9297   5.9297   5.9297   5.9297   5.9297   5.9297   6.7719   6.7719
     6.7719   6.7719   6.7719   6.7719   6.7719   6.7719   6.7719   6.7719
     6.7719   6.7719   6.7792   6.7792   6.7792   6.7792   6.7792   6.7792
     6.7792   6.7792   6.7792   6.7792   6.7792   6.7792   6.7792   6.7792
     6.7792   6.7792   6.7792   6.7792   6.7792   6.7792   6.7792   6.7792
     6.7792   6.7793   6.8544   6.8544   6.8544   6.8544   6.8544   6.8544
     6.8544   6.8544   6.8544   6.8544   6.8544   6.8544   6.8544   6.8544
     6.8544   6.8544   6.8544   6.8544   6.8544   6.8544   6.8544   6.8544
     6.8544   6.8544   7.0649   7.0649   7.0649   7.0649   7.0649   7.0649
     7.0649   7.0649   7.0649   7.0649   7.0649   7.0649   7.1341   7.1341
     7.1341   7.1341   7.1341   7.1341   7.1341   7.1341   7.1341   7.1341
     7.1341   7.1341   7.5397   7.6590   7.6590   7.6590   7.6590   7.6590
     davidson     :     13.42s CPU     13.78s WALL (       1 calls)
     fftw         :      1.47s CPU      1.73s WALL (   11510 calls)
     ffts         :      0.18s CPU      0.20s WALL

========================================
ScaLAPACK scaling
========================================
--- np=32, nd=1 (pcegterg) ---
 parallel MPI defs : np=          32 nb=           1   nd=           1
 nks >
          54          54          54        5832
 ngm =        1653
 npwx =         207

          k = 0.0000 0.0000 0.0000 (   207 PWs)   bands (ev):

   -12.6369 -11.8184 -11.8184 -11.8184 -11.8184 -11.8184 -11.8184 -11.8184
   -11.8184 -11.5274 -11.5274 -11.5274 -11.5274 -11.5274 -11.5274 -10.5422
   -10.5422 -10.5422 -10.5422 -10.5422 -10.5422 -10.5422 -10.5422 -10.5422
   -10.5422 -10.5422 -10.5422 -10.2593 -10.2593 -10.2593 -10.2593  -9.8478
    -9.8478  -9.8478  -9.8478  -9.8478  -9.8478  -9.8478  -9.8478  -9.8478
    -9.8478  -9.8478  -9.8478  -9.8478  -9.8478  -9.8478  -9.8478  -9.8478
    -9.8478  -9.8478  -9.8478  -9.8478  -9.8478  -9.8478  -9.8478  -8.3557
    -8.3557  -8.3557  -8.3557  -8.3557  -8.3557  -8.1969  -8.1969  -8.1969
    -8.1969  -8.1969  -8.1969  -8.1969  -8.1969  -8.1969  -8.1969  -8.1969
    -8.1969  -7.3882  -7.3882  -7.3882  -7.3882  -6.8262  -6.8262  -6.8262
    -6.8262  -6.8262  -6.8262  -6.8262  -6.8262  -6.8262  -6.8262  -6.8262
    -6.8262  -6.8262  -6.8262  -6.8262  -6.8262  -6.8262  -6.8262  -6.8262
    -6.8262  -6.8262  -6.8262  -6.8262  -6.8262  -5.8726  -5.8726  -5.8726
    -5.8726  -5.8726  -5.8726  -5.8726  -5.8726  -5.8726  -5.8726  -5.8726
    -5.8726  -4.1811  -4.1811  -4.1811  -4.1811  -4.1811  -4.1811  -4.1811
    -4.1811  -4.0409  -4.0409  -4.0409  -4.0409  -4.0409  -4.0409  -4.0409
    -4.0409  -4.0409  -4.0409  -4.0409  -4.0409  -3.9306  -3.9306  -3.9306
    -3.9306  -3.9306  -3.9306  -3.9306  -3.9306  -3.9306  -3.9306  -3.9306
    -3.9306  -3.7798  -3.7798  -3.7798  -3.7798  -3.7798  -3.7798  -3.7165
    -3.7165  -3.7165  -3.7165  -3.7165  -3.7165  -3.7165  -3.7165  -3.7165
    -3.7165  -3.7165  -3.7165  -3.7165  -3.7165  -3.7165  -3.7165  -3.7165
    -3.7165  -3.7165  -3.7165  -3.7165  -3.7165  -3.7165  -3.7165  -3.0211
    -3.0211  -3.0211  -3.0211  -3.0211  -3.0211  -2.3140  -2.3140  -2.3140
    -2.3140  -2.3140  -2.3140  -2.3140  -2.3140  -2.3140  -2.3140  -2.3140
    -2.3140  -2.3140  -2.3140  -2.3140  -2.3140  -2.3140  -2.3140  -2.3140
    -2.3140  -2.3140  -2.3140  -2.3140  -2.3140  -1.9654  -1.9654  -1.9654
    -1.9654  -1.9654  -1.9654  -1.9654  -1.9654  -1.9654  -1.9654  -1.9654
    -1.9654  -1.3657  -1.3657  -1.3657  -1.3657  -1.3657  -1.3657  -1.3657
    -1.3657  -1.3657  -1.3657  -1.3657  -1.3657  -1.2491  -1.2491  -1.2491
    -1.2491  -1.2491  -1.2491  -1.2491  -1.2491  -0.7705  -0.7705  -0.7705
    -0.7705  -0.7705  -0.7705  -0.7705  -0.7705  -0.7705  -0.7705  -0.7705
    -0.7705  -0.7705  -0.7705  -0.7705  -0.7705  -0.0000  -0.0000   0.0000
     0.9305   0.9305   0.9305   0.9305   0.9305   0.9305   1.4907   1.4907
     1.4907   1.4907   1.4907   1.4907   1.8338   1.8338   1.8338   1.8338
     1.8338   1.8338   1.8338   1.8338   1.8338   1.8338   1.8338   1.8338
     1.8338   1.8338   1.8338   1.8338   1.8338   1.8338   1.8338   1.8338
     1.8338   1.8338   1.8338   1.8338   1.8752   1.8752   1.8752   1.8752
     2.4608   2.4608   2.4608   2.4608   2.4608   2.4608   2.4608   2.4608
     2.9155   2.9155   2.9155   2.9155   2.9155   2.9155   2.9155   2.9155
     2.9155   2.9155   2.9155   2.9155   3.4229   3.4229   3.4229   3.4897
     3.4897   3.4897   3.4897   3.4897   3.4897   3.8840   3.9800   3.9800
     3.9800   3.9800   3.9800   3.9800   3.9800   3.9800   4.3560   4.3560
     4.3560   4.3560   4.3560   4.3560   4.3560   4.3560   4.3560   4.3560
     4.3560   4.3560   4.3560   4.3560   4.3560   4.3560   4.6726   4.6726
     4.6726   4.6726   4.6726   4.6726   4.6726   4.6726   4.6726   4.6726
     4.6726   4.6726   4.9075   4.9075   4.9075   4.9075   4.9075   4.9075
     4.9075   4.9075   4.9075   4.9075   4.9075   4.9075   4.9075   4.9075
     4.9075   4.9075   4.9075   4.9075   4.9075   4.9075   4.9075   4.9075
     4.9075   4.9075   5.6625   5.6625   5.6625   5.6625   5.6625   5.6625
     5.6625   5.6625   5.6625   5.6625   5.6625   5.6625   5.8483   5.8483
     5.8483   5.8483   5.8483   5.8483   5.8483   5.8483   5.8483   5.8483
     5.8483   5.8483   5.9297   5.9297   5.9297   5.9297   5.9297   5.9297
     5.9297   5.9297   5.9297   5.9297   5.9297   5.9297   6.7719   6.7719
     6.7719   6.7719   6.7719   6.7719   6.7719   6.7719   6.7719   6.7719
     6.7719   6.7719   6.7792   6.7792   6.7792   6.7792   6.7792   6.7792
     6.7792   6.7792   6.7792   6.7792   6.7792   6.7792   6.7792   6.7792
     6.7792   6.7792   6.7792   6.7792   6.7792   6.7792   6.7792   6.7792
     6.7792   6.7793   6.8544   6.8544   6.8544   6.8544   6.8544   6.8544
     6.8544   6.8544   6.8544   6.8544   6.8544   6.8544   6.8544   6.8544
     6.8544   6.8544   6.8544   6.8544   6.8544   6.8544   6.8544   6.8544
     6.8544   6.8544   7.0649   7.0649   7.0649   7.0649   7.0649   7.0649
     7.0649   7.0649   7.0649   7.0649   7.0649   7.0649   7.1341   7.1341
     7.1341   7.1341   7.1341   7.1341   7.1341   7.1341   7.1341   7.1341
     7.1341   7.1341   7.5397   7.6590   7.6590   7.6590   7.6590   7.6590
     davidson     :     14.75s CPU     14.95s WALL (       1 calls)
     fftw         :      2.71s CPU      2.81s WALL (   11510 calls)
     ffts         :      0.01s CPU      0.20s WALL

--- np=32, nd=2 (pcegterg) ---
 parallel MPI defs : np=          32 nb=           1   nd=           2
 nks >
          54          54          54        5832
 ngm =        1653
 npwx =         207

          k = 0.0000 0.0000 0.0000 (   207 PWs)   bands (ev):

   -12.6369 -11.8184 -11.8184 -11.8184 -11.8184 -11.8184 -11.8184 -11.8184
   -11.8184 -11.5274 -11.5274 -11.5274 -11.5274 -11.5274 -11.5274 -10.5422
   -10.5422 -10.5422 -10.5422 -10.5422 -10.5422 -10.5422 -10.5422 -10.5422
   -10.5422 -10.5422 -10.5422 -10.2593 -10.2593 -10.2593 -10.2593  -9.8478
    -9.8478  -9.8478  -9.8478  -9.8478  -9.8478  -9.8478  -9.8478  -9.8478
    -9.8478  -9.8478  -9.8478  -9.8478  -9.8478  -9.8478  -9.8478  -9.8478
    -9.8478  -9.8478  -9.8478  -9.8478  -9.8478  -9.8478  -9.8478  -8.3557
    -8.3557  -8.3557  -8.3557  -8.3557  -8.3557  -8.1969  -8.1969  -8.1969
    -8.1969  -8.1969  -8.1969  -8.1969  -8.1969  -8.1969  -8.1969  -8.1969
    -8.1969  -7.3882  -7.3882  -7.3882  -7.3882  -6.8262  -6.8262  -6.8262
    -6.8262  -6.8262  -6.8262  -6.8262  -6.8262  -6.8262  -6.8262  -6.8262
    -6.8262  -6.8262  -6.8262  -6.8262  -6.8262  -6.8262  -6.8262  -6.8262
    -6.8262  -6.8262  -6.8262  -6.8262  -6.8262  -5.8726  -5.8726  -5.8726
    -5.8726  -5.8726  -5.8726  -5.8726  -5.8726  -5.8726  -5.8726  -5.8726
    -5.8726  -4.1811  -4.1811  -4.1811  -4.1811  -4.1811  -4.1811  -4.1811
    -4.1811  -4.0409  -4.0409  -4.0409  -4.0409  -4.0409  -4.0409  -4.0409
    -4.0409  -4.0409  -4.0409  -4.0409  -4.0409  -3.9306  -3.9306  -3.9306
    -3.9306  -3.9306  -3.9306  -3.9306  -3.9306  -3.9306  -3.9306  -3.9306
    -3.9306  -3.7798  -3.7798  -3.7798  -3.7798  -3.7798  -3.7798  -3.7165
    -3.7165  -3.7165  -3.7165  -3.7165  -3.7165  -3.7165  -3.7165  -3.7165
    -3.7165  -3.7165  -3.7165  -3.7165  -3.7165  -3.7165  -3.7165  -3.7165
    -3.7165  -3.7165  -3.7165  -3.7165  -3.7165  -3.7165  -3.7165  -3.0211
    -3.0211  -3.0211  -3.0211  -3.0211  -3.0211  -2.3140  -2.3140  -2.3140
    -2.3140  -2.3140  -2.3140  -2.3140  -2.3140  -2.3140  -2.3140  -2.3140
    -2.3140  -2.3140  -2.3140  -2.3140  -2.3140  -2.3140  -2.3140  -2.3140
    -2.3140  -2.3140  -2.3140  -2.3140  -2.3140  -1.9654  -1.9654  -1.9654
    -1.9654  -1.9654  -1.9654  -1.9654  -1.9654  -1.9654  -1.9654  -1.9654
    -1.9654  -1.3657  -1.3657  -1.3657  -1.3657  -1.3657  -1.3657  -1.3657
    -1.3657  -1.3657  -1.3657  -1.3657  -1.3657  -1.2491  -1.2491  -1.2491
    -1.2491  -1.2491  -1.2491  -1.2491  -1.2491  -0.7705  -0.7705  -0.7705
    -0.7705  -0.7705  -0.7705  -0.7705  -0.7705  -0.7705  -0.7705  -0.7705
    -0.7705  -0.7705  -0.7705  -0.7705  -0.7705  -0.0000  -0.0000   0.0000
     0.9305   0.9305   0.9305   0.9305   0.9305   0.9305   1.4907   1.4907
     1.4907   1.4907   1.4907   1.4907   1.8338   1.8338   1.8338   1.8338
     1.8338   1.8338   1.8338   1.8338   1.8338   1.8338   1.8338   1.8338
     1.8338   1.8338   1.8338   1.8338   1.8338   1.8338   1.8338   1.8338
     1.8338   1.8338   1.8338   1.8338   1.8752   1.8752   1.8752   1.8752
     2.4608   2.4608   2.4608   2.4608   2.4608   2.4608   2.4608   2.4608
     2.9155   2.9155   2.9155   2.9155   2.9155   2.9155   2.9155   2.9155
     2.9155   2.9155   2.9155   2.9155   3.4229   3.4229   3.4229   3.4897
     3.4897   3.4897   3.4897   3.4897   3.4897   3.8840   3.9800   3.9800
     3.9800   3.9800   3.9800   3.9800   3.9800   3.9800   4.3560   4.3560
     4.3560   4.3560   4.3560   4.3560   4.3560   4.3560   4.3560   4.3560
     4.3560   4.3560   4.3560   4.3560   4.3560   4.3560   4.6726   4.6726
     4.6726   4.6726   4.6726   4.6726   4.6726   4.6726   4.6726   4.6726
     4.6726   4.6726   4.9075   4.9075   4.9075   4.9075   4.9075   4.9075
     4.9075   4.9075   4.9075   4.9075   4.9075   4.9075   4.9075   4.9075
     4.9075   4.9075   4.9075   4.9075   4.9075   4.9075   4.9075   4.9075
     4.9075   4.9075   5.6625   5.6625   5.6625   5.6625   5.6625   5.6625
     5.6625   5.6625   5.6625   5.6625   5.6625   5.6625   5.8483   5.8483
     5.8483   5.8483   5.8483   5.8483   5.8483   5.8483   5.8483   5.8483
     5.8483   5.8483   5.9297   5.9297   5.9297   5.9297   5.9297   5.9297
     5.9297   5.9297   5.9297   5.9297   5.9297   5.9297   6.7719   6.7719
     6.7719   6.7719   6.7719   6.7719   6.7719   6.7719   6.7719   6.7719
     6.7719   6.7719   6.7792   6.7792   6.7792   6.7792   6.7792   6.7792
     6.7792   6.7792   6.7792   6.7792   6.7792   6.7792   6.7792   6.7792
     6.7792   6.7792   6.7792   6.7792   6.7792   6.7792   6.7792   6.7792
     6.7792   6.7793   6.8544   6.8544   6.8544   6.8544   6.8544   6.8544
     6.8544   6.8544   6.8544   6.8544   6.8544   6.8544   6.8544   6.8544
     6.8544   6.8544   6.8544   6.8544   6.8544   6.8544   6.8544   6.8544
     6.8544   6.8544   7.0649   7.0649   7.0649   7.0649   7.0649   7.0649
     7.0649   7.0649   7.0649   7.0649   7.0649   7.0649   7.1341   7.1341
     7.1341   7.1341   7.1341   7.1341   7.1341   7.1341   7.1341   7.1341
     7.1341   7.1341   7.5397   7.6590   7.6590   7.6590   7.6590   7.6590
     davidson     :     13.42s CPU     13.78s WALL (       1 calls)
     fftw         :      1.94s CPU      2.20s WALL (   11510 calls)
     ffts         :      0.22s CPU      0.24s WALL

--- np=32, nd=4 (pcegterg) ---
 parallel MPI defs : np=          32 nb=           1   nd=           4
 nks >
          54          54          54        5832
 ngm =        1653
 npwx =         207

          k = 0.0000 0.0000 0.0000 (   207 PWs)   bands (ev):

   -12.6369 -11.8184 -11.8184 -11.8184 -11.8184 -11.8184 -11.8184 -11.8184
   -11.8184 -11.5274 -11.5274 -11.5274 -11.5274 -11.5274 -11.5274 -10.5422
   -10.5422 -10.5422 -10.5422 -10.5422 -10.5422 -10.5422 -10.5422 -10.5422
   -10.5422 -10.5422 -10.5422 -10.2593 -10.2593 -10.2593 -10.2593  -9.8478
    -9.8478  -9.8478  -9.8478  -9.8478  -9.8478  -9.8478  -9.8478  -9.8478
    -9.8478  -9.8478  -9.8478  -9.8478  -9.8478  -9.8478  -9.8478  -9.8478
    -9.8478  -9.8478  -9.8478  -9.8478  -9.8478  -9.8478  -9.8478  -8.3557
    -8.3557  -8.3557  -8.3557  -8.3557  -8.3557  -8.1969  -8.1969  -8.1969
    -8.1969  -8.1969  -8.1969  -8.1969  -8.1969  -8.1969  -8.1969  -8.1969
    -8.1969  -7.3882  -7.3882  -7.3882  -7.3882  -6.8262  -6.8262  -6.8262
    -6.8262  -6.8262  -6.8262  -6.8262  -6.8262  -6.8262  -6.8262  -6.8262
    -6.8262  -6.8262  -6.8262  -6.8262  -6.8262  -6.8262  -6.8262  -6.8262
    -6.8262  -6.8262  -6.8262  -6.8262  -6.8262  -5.8726  -5.8726  -5.8726
    -5.8726  -5.8726  -5.8726  -5.8726  -5.8726  -5.8726  -5.8726  -5.8726
    -5.8726  -4.1811  -4.1811  -4.1811  -4.1811  -4.1811  -4.1811  -4.1811
    -4.1811  -4.0409  -4.0409  -4.0409  -4.0409  -4.0409  -4.0409  -4.0409
    -4.0409  -4.0409  -4.0409  -4.0409  -4.0409  -3.9306  -3.9306  -3.9306
    -3.9306  -3.9306  -3.9306  -3.9306  -3.9306  -3.9306  -3.9306  -3.9306
    -3.9306  -3.7798  -3.7798  -3.7798  -3.7798  -3.7798  -3.7798  -3.7165
    -3.7165  -3.7165  -3.7165  -3.7165  -3.7165  -3.7165  -3.7165  -3.7165
    -3.7165  -3.7165  -3.7165  -3.7165  -3.7165  -3.7165  -3.7165  -3.7165
    -3.7165  -3.7165  -3.7165  -3.7165  -3.7165  -3.7165  -3.7165  -3.0211
    -3.0211  -3.0211  -3.0211  -3.0211  -3.0211  -2.3140  -2.3140  -2.3140
    -2.3140  -2.3140  -2.3140  -2.3140  -2.3140  -2.3140  -2.3140  -2.3140
    -2.3140  -2.3140  -2.3140  -2.3140  -2.3140  -2.3140  -2.3140  -2.3140
    -2.3140  -2.3140  -2.3140  -2.3140  -2.3140  -1.9654  -1.9654  -1.9654
    -1.9654  -1.9654  -1.9654  -1.9654  -1.9654  -1.9654  -1.9654  -1.9654
    -1.9654  -1.3657  -1.3657  -1.3657  -1.3657  -1.3657  -1.3657  -1.3657
    -1.3657  -1.3657  -1.3657  -1.3657  -1.3657  -1.2491  -1.2491  -1.2491
    -1.2491  -1.2491  -1.2491  -1.2491  -1.2491  -0.7705  -0.7705  -0.7705
    -0.7705  -0.7705  -0.7705  -0.7705  -0.7705  -0.7705  -0.7705  -0.7705
    -0.7705  -0.7705  -0.7705  -0.7705  -0.7705  -0.0000  -0.0000   0.0000
     0.9305   0.9305   0.9305   0.9305   0.9305   0.9305   1.4907   1.4907
     1.4907   1.4907   1.4907   1.4907   1.8338   1.8338   1.8338   1.8338
     1.8338   1.8338   1.8338   1.8338   1.8338   1.8338   1.8338   1.8338
     1.8338   1.8338   1.8338   1.8338   1.8338   1.8338   1.8338   1.8338
     1.8338   1.8338   1.8338   1.8338   1.8752   1.8752   1.8752   1.8752
     2.4608   2.4608   2.4608   2.4608   2.4608   2.4608   2.4608   2.4608
     2.9155   2.9155   2.9155   2.9155   2.9155   2.9155   2.9155   2.9155
     2.9155   2.9155   2.9155   2.9155   3.4229   3.4229   3.4229   3.4897
     3.4897   3.4897   3.4897   3.4897   3.4897   3.8840   3.9800   3.9800
     3.9800   3.9800   3.9800   3.9800   3.9800   3.9800   4.3560   4.3560
     4.3560   4.3560   4.3560   4.3560   4.3560   4.3560   4.3560   4.3560
     4.3560   4.3560   4.3560   4.3560   4.3560   4.3560   4.6726   4.6726
     4.6726   4.6726   4.6726   4.6726   4.6726   4.6726   4.6726   4.6726
     4.6726   4.6726   4.9075   4.9075   4.9075   4.9075   4.9075   4.9075
     4.9075   4.9075   4.9075   4.9075   4.9075   4.9075   4.9075   4.9075
     4.9075   4.9075   4.9075   4.9075   4.9075   4.9075   4.9075   4.9075
     4.9075   4.9075   5.6625   5.6625   5.6625   5.6625   5.6625   5.6625
     5.6625   5.6625   5.6625   5.6625   5.6625   5.6625   5.8483   5.8483
     5.8483   5.8483   5.8483   5.8483   5.8483   5.8483   5.8483   5.8483
     5.8483   5.8483   5.9297   5.9297   5.9297   5.9297   5.9297   5.9297
     5.9297   5.9297   5.9297   5.9297   5.9297   5.9297   6.7719   6.7719
     6.7719   6.7719   6.7719   6.7719   6.7719   6.7719   6.7719   6.7719
     6.7719   6.7719   6.7792   6.7792   6.7792   6.7792   6.7792   6.7792
     6.7792   6.7792   6.7792   6.7792   6.7792   6.7792   6.7792   6.7792
     6.7792   6.7792   6.7792   6.7792   6.7792   6.7792   6.7792   6.7792
     6.7792   6.7793   6.8544   6.8544   6.8544   6.8544   6.8544   6.8544
     6.8544   6.8544   6.8544   6.8544   6.8544   6.8544   6.8544   6.8544
     6.8544   6.8544   6.8544   6.8544   6.8544   6.8544   6.8544   6.8544
     6.8544   6.8544   7.0649   7.0649   7.0649   7.0649   7.0649   7.0649
     7.0649   7.0649   7.0649   7.0649   7.0649   7.0649   7.1341   7.1341
     7.1341   7.1341   7.1341   7.1341   7.1341   7.1341   7.1341   7.1341
     7.1341   7.1341   7.5397   7.6590   7.6590   7.6590   7.6590   7.6590
     davidson     :     15.10s CPU     15.71s WALL (       1 calls)
     fftw         :      3.51s CPU      3.59s WALL (   11510 calls)
     ffts         :      0.04s CPU      0.29s WALL

--- np=32, nd=8 (pcegterg) ---
 parallel MPI defs : np=          32 nb=           1   nd=           8
 nks >
          54          54          54        5832
 ngm =        1653
 npwx =         207

          k = 0.0000 0.0000 0.0000 (   207 PWs)   bands (ev):

   -12.6369 -11.8184 -11.8184 -11.8184 -11.8184 -11.8184 -11.8184 -11.8184
   -11.8184 -11.5274 -11.5274 -11.5274 -11.5274 -11.5274 -11.5274 -10.5422
   -10.5422 -10.5422 -10.5422 -10.5422 -10.5422 -10.5422 -10.5422 -10.5422
   -10.5422 -10.5422 -10.5422 -10.2593 -10.2593 -10.2593 -10.2593  -9.8478
    -9.8478  -9.8478  -9.8478  -9.8478  -9.8478  -9.8478  -9.8478  -9.8478
    -9.8478  -9.8478  -9.8478  -9.8478  -9.8478  -9.8478  -9.8478  -9.8478
    -9.8478  -9.8478  -9.8478  -9.8478  -9.8478  -9.8478  -9.8478  -8.3557
    -8.3557  -8.3557  -8.3557  -8.3557  -8.3557  -8.1969  -8.1969  -8.1969
    -8.1969  -8.1969  -8.1969  -8.1969  -8.1969  -8.1969  -8.1969  -8.1969
    -8.1969  -7.3882  -7.3882  -7.3882  -7.3882  -6.8262  -6.8262  -6.8262
    -6.8262  -6.8262  -6.8262  -6.8262  -6.8262  -6.8262  -6.8262  -6.8262
    -6.8262  -6.8262  -6.8262  -6.8262  -6.8262  -6.8262  -6.8262  -6.8262
    -6.8262  -6.8262  -6.8262  -6.8262  -6.8262  -5.8726  -5.8726  -5.8726
    -5.8726  -5.8726  -5.8726  -5.8726  -5.8726  -5.8726  -5.8726  -5.8726
    -5.8726  -4.1811  -4.1811  -4.1811  -4.1811  -4.1811  -4.1811  -4.1811
    -4.1811  -4.0409  -4.0409  -4.0409  -4.0409  -4.0409  -4.0409  -4.0409
    -4.0409  -4.0409  -4.0409  -4.0409  -4.0409  -3.9306  -3.9306  -3.9306
    -3.9306  -3.9306  -3.9306  -3.9306  -3.9306  -3.9306  -3.9306  -3.9306
    -3.9306  -3.7798  -3.7798  -3.7798  -3.7798  -3.7798  -3.7798  -3.7165
    -3.7165  -3.7165  -3.7165  -3.7165  -3.7165  -3.7165  -3.7165  -3.7165
    -3.7165  -3.7165  -3.7165  -3.7165  -3.7165  -3.7165  -3.7165  -3.7165
    -3.7165  -3.7165  -3.7165  -3.7165  -3.7165  -3.7165  -3.7165  -3.0211
    -3.0211  -3.0211  -3.0211  -3.0211  -3.0211  -2.3140  -2.3140  -2.3140
    -2.3140  -2.3140  -2.3140  -2.3140  -2.3140  -2.3140  -2.3140  -2.3140
    -2.3140  -2.3140  -2.3140  -2.3140  -2.3140  -2.3140  -2.3140  -2.3140
    -2.3140  -2.3140  -2.3140  -2.3140  -2.3140  -1.9654  -1.9654  -1.9654
    -1.9654  -1.9654  -1.9654  -1.9654  -1.9654  -1.9654  -1.9654  -1.9654
    -1.9654  -1.3657  -1.3657  -1.3657  -1.3657  -1.3657  -1.3657  -1.3657
    -1.3657  -1.3657  -1.3657  -1.3657  -1.3657  -1.2491  -1.2491  -1.2491
    -1.2491  -1.2491  -1.2491  -1.2491  -1.2491  -0.7705  -0.7705  -0.7705
    -0.7705  -0.7705  -0.7705  -0.7705  -0.7705  -0.7705  -0.7705  -0.7705
    -0.7705  -0.7705  -0.7705  -0.7705  -0.7705  -0.0000  -0.0000   0.0000
     0.9305   0.9305   0.9305   0.9305   0.9305   0.9305   1.4907   1.4907
     1.4907   1.4907   1.4907   1.4907   1.8338   1.8338   1.8338   1.8338
     1.8338   1.8338   1.8338   1.8338   1.8338   1.8338   1.8338   1.8338
     1.8338   1.8338   1.8338   1.8338   1.8338   1.8338   1.8338   1.8338
     1.8338   1.8338   1.8338   1.8338   1.8752   1.8752   1.8752   1.8752
     2.4608   2.4608   2.4608   2.4608   2.4608   2.4608   2.4608   2.4608
     2.9155   2.9155   2.9155   2.9155   2.9155   2.9155   2.9155   2.9155
     2.9155   2.9155   2.9155   2.9155   3.4229   3.4229   3.4229   3.4897
     3.4897   3.4897   3.4897   3.4897   3.4897   3.8840   3.9800   3.9800
     3.9800   3.9800   3.9800   3.9800   3.9800   3.9800   4.3560   4.3560
     4.3560   4.3560   4.3560   4.3560   4.3560   4.3560   4.3560   4.3560
     4.3560   4.3560   4.3560   4.3560   4.3560   4.3560   4.6726   4.6726
     4.6726   4.6726   4.6726   4.6726   4.6726   4.6726   4.6726   4.6726
     4.6726   4.6726   4.9075   4.9075   4.9075   4.9075   4.9075   4.9075
     4.9075   4.9075   4.9075   4.9075   4.9075   4.9075   4.9075   4.9075
     4.9075   4.9075   4.9075   4.9075   4.9075   4.9075   4.9075   4.9075
     4.9075   4.9075   5.6625   5.6625   5.6625   5.6625   5.6625   5.6625
     5.6625   5.6625   5.6625   5.6625   5.6625   5.6625   5.8483   5.8483
     5.8483   5.8483   5.8483   5.8483   5.8483   5.8483   5.8483   5.8483
     5.8483   5.8483   5.9297   5.9297   5.9297   5.9297   5.9297   5.9297
     5.9297   5.9297   5.9297   5.9297   5.9297   5.9297   6.7719   6.7719
     6.7719   6.7719   6.7719   6.7719   6.7719   6.7719   6.7719   6.7719
     6.7719   6.7719   6.7792   6.7792   6.7792   6.7792   6.7792   6.7792
     6.7792   6.7792   6.7792   6.7792   6.7792   6.7792   6.7792   6.7792
     6.7792   6.7792   6.7792   6.7792   6.7792   6.7792   6.7792   6.7792
     6.7792   6.7793   6.8544   6.8544   6.8544   6.8544   6.8544   6.8544
     6.8544   6.8544   6.8544   6.8544   6.8544   6.8544   6.8544   6.8544
     6.8544   6.8544   6.8544   6.8544   6.8544   6.8544   6.8544   6.8544
     6.8544   6.8544   7.0649   7.0649   7.0649   7.0649   7.0649   7.0649
     7.0649   7.0649   7.0649   7.0649   7.0649   7.0649   7.1341   7.1341
     7.1341   7.1341   7.1341   7.1341   7.1341   7.1341   7.1341   7.1341
     7.1341   7.1341   7.5397   7.6590   7.6590   7.6590   7.6590   7.6590
     davidson     :     12.82s CPU     13.51s WALL (       1 calls)
     fftw         :      1.41s CPU      1.56s WALL (   11510 calls)
     ffts         :      0.44s CPU      0.45s WALL

--- np=32, nd=16 (pcegterg) ---
 parallel MPI defs : np=          32 nb=           1   nd=          16
 nks >
          54          54          54        5832
 ngm =        1653
 npwx =         207

          k = 0.0000 0.0000 0.0000 (   207 PWs)   bands (ev):

   -12.6369 -11.8184 -11.8184 -11.8184 -11.8184 -11.8184 -11.8184 -11.8184
   -11.8184 -11.5274 -11.5274 -11.5274 -11.5274 -11.5274 -11.5274 -10.5422
   -10.5422 -10.5422 -10.5422 -10.5422 -10.5422 -10.5422 -10.5422 -10.5422
   -10.5422 -10.5422 -10.5422 -10.2593 -10.2593 -10.2593 -10.2593  -9.8478
    -9.8478  -9.8478  -9.8478  -9.8478  -9.8478  -9.8478  -9.8478  -9.8478
    -9.8478  -9.8478  -9.8478  -9.8478  -9.8478  -9.8478  -9.8478  -9.8478
    -9.8478  -9.8478  -9.8478  -9.8478  -9.8478  -9.8478  -9.8478  -8.3557
    -8.3557  -8.3557  -8.3557  -8.3557  -8.3557  -8.1969  -8.1969  -8.1969
    -8.1969  -8.1969  -8.1969  -8.1969  -8.1969  -8.1969  -8.1969  -8.1969
    -8.1969  -7.3882  -7.3882  -7.3882  -7.3882  -6.8262  -6.8262  -6.8262
    -6.8262  -6.8262  -6.8262  -6.8262  -6.8262  -6.8262  -6.8262  -6.8262
    -6.8262  -6.8262  -6.8262  -6.8262  -6.8262  -6.8262  -6.8262  -6.8262
    -6.8262  -6.8262  -6.8262  -6.8262  -6.8262  -5.8726  -5.8726  -5.8726
    -5.8726  -5.8726  -5.8726  -5.8726  -5.8726  -5.8726  -5.8726  -5.8726
    -5.8726  -4.1811  -4.1811  -4.1811  -4.1811  -4.1811  -4.1811  -4.1811
    -4.1811  -4.0409  -4.0409  -4.0409  -4.0409  -4.0409  -4.0409  -4.0409
    -4.0409  -4.0409  -4.0409  -4.0409  -4.0409  -3.9306  -3.9306  -3.9306
    -3.9306  -3.9306  -3.9306  -3.9306  -3.9306  -3.9306  -3.9306  -3.9306
    -3.9306  -3.7798  -3.7798  -3.7798  -3.7798  -3.7798  -3.7798  -3.7165
    -3.7165  -3.7165  -3.7165  -3.7165  -3.7165  -3.7165  -3.7165  -3.7165
    -3.7165  -3.7165  -3.7165  -3.7165  -3.7165  -3.7165  -3.7165  -3.7165
    -3.7165  -3.7165  -3.7165  -3.7165  -3.7165  -3.7165  -3.7165  -3.0211
    -3.0211  -3.0211  -3.0211  -3.0211  -3.0211  -2.3140  -2.3140  -2.3140
    -2.3140  -2.3140  -2.3140  -2.3140  -2.3140  -2.3140  -2.3140  -2.3140
    -2.3140  -2.3140  -2.3140  -2.3140  -2.3140  -2.3140  -2.3140  -2.3140
    -2.3140  -2.3140  -2.3140  -2.3140  -2.3140  -1.9654  -1.9654  -1.9654
    -1.9654  -1.9654  -1.9654  -1.9654  -1.9654  -1.9654  -1.9654  -1.9654
    -1.9654  -1.3657  -1.3657  -1.3657  -1.3657  -1.3657  -1.3657  -1.3657
    -1.3657  -1.3657  -1.3657  -1.3657  -1.3657  -1.2491  -1.2491  -1.2491
    -1.2491  -1.2491  -1.2491  -1.2491  -1.2491  -0.7705  -0.7705  -0.7705
    -0.7705  -0.7705  -0.7705  -0.7705  -0.7705  -0.7705  -0.7705  -0.7705
    -0.7705  -0.7705  -0.7705  -0.7705  -0.7705  -0.0000  -0.0000   0.0000
     0.9305   0.9305   0.9305   0.9305   0.9305   0.9305   1.4907   1.4907
     1.4907   1.4907   1.4907   1.4907   1.8338   1.8338   1.8338   1.8338
     1.8338   1.8338   1.8338   1.8338   1.8338   1.8338   1.8338   1.8338
     1.8338   1.8338   1.8338   1.8338   1.8338   1.8338   1.8338   1.8338
     1.8338   1.8338   1.8338   1.8338   1.8752   1.8752   1.8752   1.8752
     2.4608   2.4608   2.4608   2.4608   2.4608   2.4608   2.4608   2.4608
     2.9155   2.9155   2.9155   2.9155   2.9155   2.9155   2.9155   2.9155
     2.9155   2.9155   2.9155   2.9155   3.4229   3.4229   3.4229   3.4897
     3.4897   3.4897   3.4897   3.4897   3.4897   3.8840   3.9800   3.9800
     3.9800   3.9800   3.9800   3.9800   3.9800   3.9800   4.3560   4.3560
     4.3560   4.3560   4.3560   4.3560   4.3560   4.3560   4.3560   4.3560
     4.3560   4.3560   4.3560   4.3560   4.3560   4.3560   4.6726   4.6726
     4.6726   4.6726   4.6726   4.6726   4.6726   4.6726   4.6726   4.6726
     4.6726   4.6726   4.9075   4.9075   4.9075   4.9075   4.9075   4.9075
     4.9075   4.9075   4.9075   4.9075   4.9075   4.9075   4.9075   4.9075
     4.9075   4.9075   4.9075   4.9075   4.9075   4.9075   4.9075   4.9075
     4.9075   4.9075   5.6625   5.6625   5.6625   5.6625   5.6625   5.6625
     5.6625   5.6625   5.6625   5.6625   5.6625   5.6625   5.8483   5.8483
     5.8483   5.8483   5.8483   5.8483   5.8483   5.8483   5.8483   5.8483
     5.8483   5.8483   5.9297   5.9297   5.9297   5.9297   5.9297   5.9297
     5.9297   5.9297   5.9297   5.9297   5.9297   5.9297   6.7719   6.7719
     6.7719   6.7719   6.7719   6.7719   6.7719   6.7719   6.7719   6.7719
     6.7719   6.7719   6.7792   6.7792   6.7792   6.7792   6.7792   6.7792
     6.7792   6.7792   6.7792   6.7792   6.7792   6.7792   6.7792   6.7792
     6.7792   6.7792   6.7792   6.7792   6.7792   6.7792   6.7792   6.7792
     6.7792   6.7793   6.8544   6.8544   6.8544   6.8544   6.8544   6.8544
     6.8544   6.8544   6.8544   6.8544   6.8544   6.8544   6.8544   6.8544
     6.8544   6.8544   6.8544   6.8544   6.8544   6.8544   6.8544   6.8544
     6.8544   6.8544   7.0649   7.0649   7.0649   7.0649   7.0649   7.0649
     7.0649   7.0649   7.0649   7.0649   7.0649   7.0649   7.1341   7.1341
     7.1341   7.1341   7.1341   7.1341   7.1341   7.1341   7.1341   7.1341
     7.1341   7.1341   7.5397   7.6590   7.6590   7.6590   7.6590   7.6590
     davidson     :      4.88s CPU      5.13s WALL (       1 calls)
     fftw         :      0.76s CPU      0.90s WALL (   11510 calls)
     ffts         :      0.26s CPU      0.33s WALL

--- np=32, nd=25 (pcegterg) ---
 parallel MPI defs : np=          32 nb=           1   nd=          25
 nks >
          54          54          54        5832
 ngm =        1653
 npwx =         207

          k = 0.0000 0.0000 0.0000 (   207 PWs)   bands (ev):

   -12.6369 -11.8184 -11.8184 -11.8184 -11.8184 -11.8184 -11.8184 -11.8184
   -11.8184 -11.5274 -11.5274 -11.5274 -11.5274 -11.5274 -11.5274 -10.5422
   -10.5422 -10.5422 -10.5422 -10.5422 -10.5422 -10.5422 -10.5422 -10.5422
   -10.5422 -10.5422 -10.5422 -10.2593 -10.2593 -10.2593 -10.2593  -9.8478
    -9.8478  -9.8478  -9.8478  -9.8478  -9.8478  -9.8478  -9.8478  -9.8478
    -9.8478  -9.8478  -9.8478  -9.8478  -9.8478  -9.8478  -9.8478  -9.8478
    -9.8478  -9.8478  -9.8478  -9.8478  -9.8478  -9.8478  -9.8478  -8.3557
    -8.3557  -8.3557  -8.3557  -8.3557  -8.3557  -8.1969  -8.1969  -8.1969
    -8.1969  -8.1969  -8.1969  -8.1969  -8.1969  -8.1969  -8.1969  -8.1969
    -8.1969  -7.3882  -7.3882  -7.3882  -7.3882  -6.8262  -6.8262  -6.8262
    -6.8262  -6.8262  -6.8262  -6.8262  -6.8262  -6.8262  -6.8262  -6.8262
    -6.8262  -6.8262  -6.8262  -6.8262  -6.8262  -6.8262  -6.8262  -6.8262
    -6.8262  -6.8262  -6.8262  -6.8262  -6.8262  -5.8726  -5.8726  -5.8726
    -5.8726  -5.8726  -5.8726  -5.8726  -5.8726  -5.8726  -5.8726  -5.8726
    -5.8726  -4.1811  -4.1811  -4.1811  -4.1811  -4.1811  -4.1811  -4.1811
    -4.1811  -4.0409  -4.0409  -4.0409  -4.0409  -4.0409  -4.0409  -4.0409
    -4.0409  -4.0409  -4.0409  -4.0409  -4.0409  -3.9306  -3.9306  -3.9306
    -3.9306  -3.9306  -3.9306  -3.9306  -3.9306  -3.9306  -3.9306  -3.9306
    -3.9306  -3.7798  -3.7798  -3.7798  -3.7798  -3.7798  -3.7798  -3.7165
    -3.7165  -3.7165  -3.7165  -3.7165  -3.7165  -3.7165  -3.7165  -3.7165
    -3.7165  -3.7165  -3.7165  -3.7165  -3.7165  -3.7165  -3.7165  -3.7165
    -3.7165  -3.7165  -3.7165  -3.7165  -3.7165  -3.7165  -3.7165  -3.0211
    -3.0211  -3.0211  -3.0211  -3.0211  -3.0211  -2.3140  -2.3140  -2.3140
    -2.3140  -2.3140  -2.3140  -2.3140  -2.3140  -2.3140  -2.3140  -2.3140
    -2.3140  -2.3140  -2.3140  -2.3140  -2.3140  -2.3140  -2.3140  -2.3140
    -2.3140  -2.3140  -2.3140  -2.3140  -2.3140  -1.9654  -1.9654  -1.9654
    -1.9654  -1.9654  -1.9654  -1.9654  -1.9654  -1.9654  -1.9654  -1.9654
    -1.9654  -1.3657  -1.3657  -1.3657  -1.3657  -1.3657  -1.3657  -1.3657
    -1.3657  -1.3657  -1.3657  -1.3657  -1.3657  -1.2491  -1.2491  -1.2491
    -1.2491  -1.2491  -1.2491  -1.2491  -1.2491  -0.7705  -0.7705  -0.7705
    -0.7705  -0.7705  -0.7705  -0.7705  -0.7705  -0.7705  -0.7705  -0.7705
    -0.7705  -0.7705  -0.7705  -0.7705  -0.7705  -0.0000  -0.0000   0.0000
     0.9305   0.9305   0.9305   0.9305   0.9305   0.9305   1.4907   1.4907
     1.4907   1.4907   1.4907   1.4907   1.8338   1.8338   1.8338   1.8338
     1.8338   1.8338   1.8338   1.8338   1.8338   1.8338   1.8338   1.8338
     1.8338   1.8338   1.8338   1.8338   1.8338   1.8338   1.8338   1.8338
     1.8338   1.8338   1.8338   1.8338   1.8752   1.8752   1.8752   1.8752
     2.4608   2.4608   2.4608   2.4608   2.4608   2.4608   2.4608   2.4608
     2.9155   2.9155   2.9155   2.9155   2.9155   2.9155   2.9155   2.9155
     2.9155   2.9155   2.9155   2.9155   3.4229   3.4229   3.4229   3.4897
     3.4897   3.4897   3.4897   3.4897   3.4897   3.8840   3.9800   3.9800
     3.9800   3.9800   3.9800   3.9800   3.9800   3.9800   4.3560   4.3560
     4.3560   4.3560   4.3560   4.3560   4.3560   4.3560   4.3560   4.3560
     4.3560   4.3560   4.3560   4.3560   4.3560   4.3560   4.6726   4.6726
     4.6726   4.6726   4.6726   4.6726   4.6726   4.6726   4.6726   4.6726
     4.6726   4.6726   4.9075   4.9075   4.9075   4.9075   4.9075   4.9075
     4.9075   4.9075   4.9075   4.9075   4.9075   4.9075   4.9075   4.9075
     4.9075   4.9075   4.9075   4.9075   4.9075   4.9075   4.9075   4.9075
     4.9075   4.9075   5.6625   5.6625   5.6625   5.6625   5.6625   5.6625
     5.6625   5.6625   5.6625   5.6625   5.6625   5.6625   5.8483   5.8483
     5.8483   5.8483   5.8483   5.8483   5.8483   5.8483   5.8483   5.8483
     5.8483   5.8483   5.9297   5.9297   5.9297   5.9297   5.9297   5.9297
     5.9297   5.9297   5.9297   5.9297   5.9297   5.9297   6.7719   6.7719
     6.7719   6.7719   6.7719   6.7719   6.7719   6.7719   6.7719   6.7719
     6.7719   6.7719   6.7792   6.7792   6.7792   6.7792   6.7792   6.7792
     6.7792   6.7792   6.7792   6.7792   6.7792   6.7792   6.7792   6.7792
     6.7792   6.7792   6.7792   6.7792   6.7792   6.7792   6.7792   6.7792
     6.7792   6.7793   6.8544   6.8544   6.8544   6.8544   6.8544   6.8544
     6.8544   6.8544   6.8544   6.8544   6.8544   6.8544   6.8544   6.8544
     6.8544   6.8544   6.8544   6.8544   6.8544   6.8544   6.8544   6.8544
     6.8544   6.8544   7.0649   7.0649   7.0649   7.0649   7.0649   7.0649
     7.0649   7.0649   7.0649   7.0649   7.0649   7.0649   7.1341   7.1341
     7.1341   7.1341   7.1341   7.1341   7.1341   7.1341   7.1341   7.1341
     7.1341   7.1341   7.5397   7.6590   7.6590   7.6590   7.6590   7.6590
     davidson     :      4.34s CPU      4.49s WALL (       1 calls)
     fftw         :      0.79s CPU      0.87s WALL (   11510 calls)
     ffts         :      0.05s CPU      0.20s WALL

[masia000@login02 jobs]$ 


