 &system crystal_name='Si', ecutwfc =8.d0, ethr=1.d-6, ncell=2, david=3 /
50
0.0 0.0 0.0
0.0 0.0 0.1
0.0 0.0 0.2
0.0 0.0 0.3
0.0 0.0 0.4
0.0 0.0 0.5
0.0 0.1 0.0
0.0 0.1 0.1
0.0 0.1 0.2
0.0 0.1 0.3
0.0 0.2 0.0
0.0 0.2 0.1
0.0 0.2 0.2
0.0 0.2 0.3
0.0 0.3 0.0
0.0 0.3 0.1
0.0 0.3 0.2
0.0 0.3 0.3
0.0 0.4 0.0
0.0 0.4 0.1
0.0 0.5 0.0
0.1 0.0 0.0
0.1 0.0 0.1
0.1 0.0 0.2
0.1 0.1 0.0
0.1 0.1 0.1
0.1 0.1 0.2
0.1 0.2 0.0
0.1 0.2 0.1
0.1 0.2 0.2
0.1 0.3 0.0
0.1 0.3 0.1
0.1 0.4 0.0
0.2 0.0 0.0
0.2 0.0 0.1
0.2 0.1 0.0
0.2 0.1 0.1
0.2 0.2 0.0
0.2 0.2 0.1
0.2 0.3 0.0
0.2 0.4 0.0
0.3 0.0 0.0
0.3 0.0 0.1
0.3 0.1 0.0
0.3 0.1 0.1
0.3 0.2 0.0
0.4 0.0 0.0
0.4 0.1 0.0
0.5 0.0 0.0
0.5 0.5 0.5
